117
7 1 57 74 248 335 388 484
4 2 77 143 468
3 3 246 282
1 4
11 5 55 94 111 253 272 358 371 376 408 430
9 6 123 193 322 406 412 464 470 475
6 7 326 386 409 416 459
8 8 115 208 288 305 315 359 373
13 9 30 44 68 178 187 225 349 369 377 391 457 487
3 10 23 436
8 11 79 135 140 316 339 382 420
8 12 58 266 292 317 419 424 469
4 13 48 256 276
8 14 40 194 252 265 283 421 450
23 15 21 29 42 117 161 181 185 191 192 211 273 278 299 312 337 379 401 414 438 462 477 489
6 16 119 146 171 281 384
5 17 78 108 179 383
11 18 28 166 212 264 314 332 381 390 404 494
4 19 160 164 323
1 20
9 22 87 110 159 167 235 403 452 478
2 24 184
1 25
5 26 67 69 175 385
4 27 76 244 257
1 31
12 32 75 96 138 145 258 302 344 422 426 432 493
1 33
6 34 70 142 163 188 197
3 35 128 307
3 36 154 231
4 37 51 172 448
7 38 176 209 255 280 289 407
16 39 59 72 112 130 198 206 230 291 336 356 387 433 460 476 491
10 41 84 251 313 361 362 402 418 434 480
8 43 46 61 131 269 275 325 348
9 45 49 50 174 238 239 353 372 488
8 47 116 147 152 218 277 455 486
7 52 105 136 241 375 429 467
8 53 183 262 294 334 400 453 500
6 54 113 242 303 454 474
5 56 73 89 213 446
8 60 102 158 223 229 286 321 411
9 62 81 129 137 202 233 324 347 465
7 63 182 186 189 274 374 428
4 64 90 132 352
11 65 85 103 106 107 157 190 260 287 341 350
2 66 342
6 71 83 153 234 329 398
5 80 151 261 318 410
4 82 203 427 498
3 86 320 355
1 88
6 91 109 162 227 304 340
4 92 214 296 308
9 93 125 141 270 298 395 439 472 483
1 95
2 97 232
5 98 99 219 236 437
5 100 118 250 279 440
3 101 168 441
1 104
4 114 259 380 389
4 120 268 397 413
12 121 127 139 210 215 263 311 360 396 425 482 492
8 122 196 247 249 357 451 471 481
3 124 149 290
4 126 148 195 217
3 133 431 442
5 134 367 415 443 479
5 144 351 392 394 485
5 150 201 224 364 473
1 155
6 156 220 221 243 267 338
1 165
1 169
1 170
1 173
1 177
1 180
4 199 310 405 461
3 200 330 363
3 204 497 499
1 205
9 207 297 328 345 365 368 423 435 447
1 216
1 222
1 226
1 228
3 237 306 444
2 240 466
1 245
2 254 370
1 271
1 284
1 285
1 293
1 295
1 300
2 301 456
2 309 399
2 319 378
1 327
1 331
1 333
1 343
1 346
2 354 495
1 366
1 393
1 417
1 445
1 449
1 458
1 463
1 490
1 496
