147
17 1 2 13 76 204 250 280 326 327 380 412 453 473 668 688 737 839
18 3 186 209 236 279 344 448 472 527 529 532 661 799 828 835 910 932 951
16 4 10 98 179 383 393 402 406 464 591 639 641 755 832 852 856
10 5 74 595 630 813 824 863 923 941 972
10 6 27 265 292 333 405 476 646 791 949
1 7
11 8 72 123 361 390 601 614 658 822 878 996
19 9 97 133 165 180 182 207 226 237 311 357 522 607 615 656 790 796 866 971
15 11 145 339 362 369 377 378 431 505 609 810 854 948 989 990
18 12 15 57 60 181 308 580 594 716 787 795 818 820 848 860 876 955 975
15 14 90 214 300 367 432 478 490 549 583 841 873 897 924 956
15 16 61 82 135 136 227 251 255 268 329 370 388 673 847 933
1 17
11 18 29 66 187 241 365 536 802 807 944 983
12 19 67 170 416 475 634 708 723 731 776 842 982
1 20
6 21 168 418 587 702 979
18 22 89 94 103 107 278 397 463 467 480 553 586 611 662 774 836 893 928
10 23 272 273 513 520 540 569 674 782 872
15 24 157 234 258 281 310 404 426 427 525 701 724 751 761 939
10 25 39 116 199 291 331 491 648 780 840
13 26 125 191 287 297 493 501 647 700 881 883 963 987
4 28 230 352 631
10 30 148 149 193 435 462 479 492 695 722
8 31 112 269 309 384 625 696 906
10 32 33 130 134 247 429 452 547 603 788
13 34 51 96 102 161 238 285 389 428 574 746 785 988
10 35 59 81 109 192 276 604 672 877 930
11 36 153 233 417 458 488 633 711 927 954 964
12 37 55 239 242 286 497 503 608 749 754 763 889
14 38 120 178 220 249 368 420 447 450 677 705 718 942 947
13 40 49 127 195 257 544 557 590 629 659 733 740 917
10 41 147 164 196 318 375 535 636 694 887
16 42 45 75 118 266 315 317 363 398 504 541 612 642 784 809 957
16 43 166 271 307 337 372 461 508 728 730 806 833 868 909 934 960
9 44 151 293 470 531 539 764 890 920
1 46
26 47 50 58 86 252 261 263 274 323 382 385 403 444 465 548 571 621 624 638 640 789 811 816 819 911 918
1 48
11 52 62 114 132 167 173 376 439 565 729 752
9 53 88 210 231 294 349 599 697 715
16 54 122 158 328 347 371 484 552 581 605 667 748 778 801 834 845
10 56 283 392 414 422 534 542 600 713 869
13 63 93 174 313 449 499 556 675 759 786 859 914 929
18 64 197 240 289 299 302 351 485 566 596 616 703 803 851 865 921 950 953
13 65 83 99 176 374 516 519 526 530 683 742 850 870
12 68 87 128 243 306 336 421 582 758 797 886 966
11 69 106 215 235 270 409 561 689 745 895 922
12 70 95 259 277 322 335 474 663 671 693 757 904
10 71 224 256 304 338 373 635 762 767 1000
11 73 194 253 267 366 419 523 626 714 905 978
1 77
10 78 144 205 290 430 628 750 794 907 962
19 79 108 143 146 203 260 324 411 511 610 632 651 766 768 769 800 875 919 970
4 80 254 354 410
10 84 183 217 577 579 584 598 619 665 676
11 85 312 381 423 471 486 563 597 678 968 998
1 91
12 92 399 545 704 732 743 826 827 853 892 961 973
13 100 129 208 296 483 487 558 570 573 575 812 837 945
1 101
1 104
1 105
17 110 138 184 301 345 459 514 555 710 721 760 779 829 857 862 891 899
11 111 113 139 211 223 332 606 649 744 858 867
11 115 212 356 477 538 543 645 655 814 884 902
9 117 175 396 517 528 660 739 741 808
16 119 222 284 321 346 425 466 506 576 578 588 699 712 938 940 967
12 121 159 189 198 353 395 707 773 815 901 969 993
7 124 169 295 342 618 620 943
1 126
9 131 442 469 500 518 623 831 946 974
1 137
3 140 232 765
1 141
9 142 202 213 221 228 515 589 670 846
1 150
3 152 348 679
18 154 206 350 379 387 407 446 468 507 617 669 680 805 874 896 916 926 997
12 155 246 262 341 408 454 482 690 781 783 804 958
3 156 314 882
9 160 162 275 456 509 554 622 991 994
6 163 330 355 358 613 692
10 171 340 400 441 445 521 524 650 666 981
9 172 303 424 502 684 691 880 965 985
10 177 244 360 562 602 653 821 912 925 937
9 185 225 264 282 495 564 585 771 959
11 188 245 325 560 592 698 734 823 838 908 935
10 190 216 451 460 481 546 709 719 793 898
1 200
13 201 437 494 512 627 643 686 753 817 855 871 888 999
1 218
1 219
13 229 364 401 489 652 657 687 725 738 798 844 915 992
1 248
9 288 498 756 825 830 843 894 986 995
8 298 316 334 415 440 510 726 735
6 305 568 593 720 770 792
1 319
1 320
1 343
1 359
1 386
1 391
1 394
1 413
1 433
1 434
1 436
1 438
1 443
1 455
1 457
1 496
4 533 644 681 849
1 537
1 550
2 551 559
1 567
1 572
1 637
1 654
1 664
1 682
1 685
1 706
1 717
1 727
1 736
1 747
1 772
1 775
1 777
1 861
1 864
1 879
1 885
1 900
1 903
1 913
1 931
1 936
1 952
1 976
1 977
1 980
1 984
