34
11 1 10 19 28 48 50 81 87 99 128 191
6 2 22 45 102 112 127
1 3
10 4 14 40 41 55 70 90 122 124 139
11 5 29 59 107 131 143 149 152 153 168 171
5 6 56 94 138 184
11 7 11 35 36 38 47 64 110 129 132 165
13 8 23 39 61 73 78 83 88 91 100 103 118 198
10 9 12 24 37 51 57 76 120 134 167
12 13 21 62 93 106 136 147 170 178 183 186 197
11 15 30 33 84 116 117 141 146 163 176 189
1 16
1 17
11 18 46 65 77 109 119 125 133 140 164 187
11 20 25 34 52 53 82 85 98 121 151 154
7 26 67 97 108 156 161 196
19 27 44 54 66 68 72 74 89 92 130 135 157 160 162 182 188 190 192 200
1 31
1 32
9 42 69 75 113 123 158 174 179 193
6 43 58 80 115 126 177
1 49
5 60 71 104 137 172
10 63 86 96 145 150 155 169 194 195 199
1 79
7 95 111 114 148 166 175 180
1 101
1 105
1 142
1 144
1 159
1 173
1 181
1 185
