29
10 1 5 50 66 67 129 140 141 166 194
38 2 6 11 12 13 14 20 39 41 43 44 45 46 53 60 61 63 64 75 81 97 99 105 106 122 126 128 131 139 144 148 150 154 157 165 173 191 193
10 3 4 19 32 78 101 115 180 183 196
6 7 16 98 116 178 181
12 8 23 25 42 100 102 123 134 137 143 163 171
13 9 18 24 51 59 68 70 118 149 158 167 177 195
8 10 37 40 69 103 107 117 182
13 15 28 35 54 86 88 109 127 133 138 146 174 176
9 17 21 29 65 77 84 160 164 169
5 22 31 34 72 153
10 26 52 71 90 96 113 124 136 186 187
2 27 155
1 30
17 33 57 79 85 87 94 108 119 120 130 142 145 156 162 188 189 199
9 36 49 62 92 132 152 185 190 192
10 38 48 76 82 93 110 135 147 168 170
5 47 114 151 175 184
1 55
1 56
10 58 74 80 89 95 112 121 159 198 200
1 73
1 83
1 91
1 104
2 111 197
1 125
1 161
1 172
1 179
