169
498 1 2 3 5 11 13 17 18 19 20 22 23 24 25 27 28 29 30 31 32 33 37 39 40 43 44 46 47 48 49 50 53 55 56 57 58 60 62 64 65 69 70 71 72 74 76 84 85 86 87 88 89 90 92 94 95 102 105 107 112 113 114 115 116 118 119 123 124 125 126 127 132 134 135 137 141 142 144 145 146 147 148 153 154 157 158 160 163 164 166 168 169 180 183 186 187 192 195 197 201 204 206 211 212 217 218 225 227 228 232 233 234 235 239 240 241 244 245 246 248 251 257 259 265 267 268 273 275 278 279 283 284 285 286 287 290 295 298 299 301 302 304 309 310 311 317 320 323 324 325 327 328 332 336 337 338 340 341 342 348 349 350 351 352 353 354 355 357 358 364 366 367 372 378 380 381 382 383 391 394 395 400 402 403 404 406 407 409 412 414 415 416 417 418 419 420 425 427 428 432 433 435 437 438 441 445 454 455 456 458 459 460 461 464 467 468 470 471 472 473 476 478 481 482 484 485 487 489 490 494 498 499 505 506 507 513 516 517 519 526 532 534 537 538 539 540 542 547 548 550 551 554 555 556 557 558 559 560 562 563 571 572 573 578 581 583 586 587 590 593 596 598 599 600 605 608 609 610 613 614 615 616 617 618 619 622 623 624 625 633 634 638 639 640 642 644 645 646 647 648 652 656 658 659 660 661 663 664 665 666 667 668 669 670 671 672 673 679 683 685 686 687 689 691 693 695 697 698 700 701 702 703 704 705 708 709 710 711 712 714 715 716 718 719 722 726 728 729 732 733 734 735 736 737 738 739 741 744 746 750 752 755 756 757 758 759 760 763 766 768 770 775 776 778 779 780 783 784 790 792 795 796 797 800 801 802 804 805 806 808 810 812 813 815 816 817 818 820 823 824 827 829 830 831 832 833 834 837 838 840 841 842 843 844 845 847 849 850 851 852 853 854 855 856 857 858 860 861 865 866 868 871 873 874 878 879 880 881 884 885 886 888 889 890 893 894 898 899 900 902 903 904 905 912 913 917 922 923 924 925 926 927 928 930 931 937 938 939 941 945 948 949 952 953 957 958 959 962 963 965 969 972 975 976 977 978 979 981 982 985 987 991 992 993 994 995 997 998
1 4
1 6
5 7 108 139 531 612
1 8
5 9 288 363 523 862
9 10 205 440 580 743 794 835 970 983
5 12 66 318 694 821
9 14 199 202 377 452 521 653 781 944
6 15 82 91 436 777 999
3 16 193 544
7 21 261 307 376 398 515 882
5 26 175 329 495 637
8 34 110 173 224 511 649 731 771
5 35 369 561 677 811
10 36 208 223 387 411 465 569 606 650 678
3 38 103 604
1 41
5 42 231 385 826 920
3 45 662 787
3 51 79 83
2 52 791
6 54 143 243 294 388 753
4 59 159 584 875
1 61
4 63 73 308 503
6 67 122 136 162 226 249
2 68 567
6 75 120 450 552 594 727
5 77 543 582 603 692
1 78
6 80 170 250 316 724 869
7 81 330 334 379 518 643 848
2 93 322
7 96 100 219 343 374 451 961
6 97 196 209 300 512 788
5 98 149 657 720 940
7 99 375 529 674 803 951 986
5 101 178 182 260 767
6 104 335 345 807 819 971
6 106 109 281 496 973 990
3 111 221 392
3 117 535 680
6 121 553 588 591 769 774
1 128
1 129
2 130 253
5 131 188 423 533 762
3 133 740 1000
8 138 426 491 631 684 789 867 933
4 140 181 200 592
4 150 230 296 636
2 151 911
1 152
5 155 269 405 635 934
5 156 449 597 688 897
6 161 368 488 641 798 896
2 165 439
3 167 184 266
2 171 282
1 172
8 174 442 463 497 721 836 914 968
4 176 229 362 393
4 177 326 431 785
1 179
3 185 444 909
1 189
3 190 430 863
7 191 215 291 305 384 410 546
7 194 198 252 370 422 751 908
5 203 371 390 696 773
1 207
6 210 274 447 522 595 681
1 213
1 214
3 216 236 549
5 220 589 601 887 907
4 222 297 929 967
3 237 429 947
5 238 536 742 839 954
3 242 699 846
1 247
1 254
4 255 271 289 891
7 256 397 524 525 655 717 754
1 258
1 262
5 263 359 361 576 682
5 264 315 333 434 469
1 270
2 272 706
6 276 360 611 707 786 956
5 277 504 520 527 566
1 280
6 292 339 528 530 764 910
1 293
1 303
3 306 825 870
1 312
4 313 577 607 675
6 314 344 477 502 585 627
1 319
6 321 386 483 574 620 966
1 331
1 346
1 347
2 356 389
5 365 448 466 486 501
6 373 424 545 921 942 974
5 396 514 876 895 936
1 399
1 401
1 408
3 413 453 828
1 421
1 443
1 446
1 457
1 462
3 474 725 782
1 475
4 479 748 915 984
1 480
1 492
1 493
1 500
1 508
1 509
2 510 579
1 541
2 564 916
1 565
1 568
1 570
1 575
1 602
1 621
2 626 859
2 628 651
1 629
1 630
1 632
1 654
2 676 809
2 690 877
1 713
1 723
2 730 946
1 745
1 747
1 749
4 761 950 960 988
1 765
1 772
1 793
1 799
2 814 932
4 822 864 919 964
1 872
1 883
1 892
1 901
1 906
1 918
1 935
2 943 996
1 955
1 980
1 989
