34
42 1 4 5 10 11 21 27 41 66 75 78 85 97 125 140 154 171 172 179 195 213 228 245 254 287 290 293 294 324 341 350 360 363 369 375 391 406 429 450 473 478 497
56 2 8 9 15 18 32 33 34 44 47 53 54 59 68 80 89 98 100 104 118 126 127 136 184 211 229 250 262 265 266 267 273 279 302 308 328 340 345 364 383 407 413 415 416 427 428 439 440 441 448 461 463 468 490 491 492
59 3 12 13 16 23 30 35 79 84 93 101 119 123 137 162 180 190 193 197 199 206 208 219 224 236 241 249 257 268 274 282 295 297 309 310 313 316 331 333 339 353 354 361 366 402 409 417 418 420 424 432 435 438 452 456 475 479 496 499
46 6 14 17 42 82 92 110 114 174 178 192 198 201 215 230 233 234 240 258 289 298 303 306 314 320 322 326 335 338 352 355 358 367 368 374 387 399 400 422 431 434 446 464 476 483 489
1 7
89 19 20 25 28 43 51 56 60 61 64 87 91 99 103 105 107 112 129 135 138 139 147 148 149 150 151 157 158 159 167 170 177 183 186 188 194 203 225 226 231 232 243 248 255 278 281 285 288 291 296 299 304 305 307 315 317 329 343 347 349 359 378 380 384 385 388 390 395 396 404 419 426 436 447 453 459 460 466 470 471 474 477 480 481 484 485 487 493 495
1 22
41 24 39 45 48 69 70 76 77 106 108 115 121 124 131 164 176 182 210 218 220 222 235 260 264 283 284 286 301 321 336 373 393 394 397 421 437 444 449 458 467 498
50 26 31 46 50 55 58 67 73 83 90 102 113 128 133 134 141 152 161 163 165 185 187 200 212 221 223 238 247 251 270 272 292 312 318 325 327 330 351 357 371 379 381 398 405 412 423 433 443 445 455
1 29
44 36 49 52 62 65 86 88 94 95 117 142 143 144 191 205 209 242 244 246 252 256 259 261 275 276 300 319 334 342 344 356 365 370 377 392 410 425 430 457 462 469 472 482 500
1 37
48 38 63 71 72 74 81 96 109 116 120 122 130 145 155 156 160 173 175 189 202 207 214 216 217 227 237 239 253 263 269 280 311 323 337 346 348 362 372 376 382 401 403 408 411 465 486 488 494
1 40
1 57
1 111
1 132
1 146
1 153
1 166
1 168
1 169
1 181
1 196
1 204
1 271
1 277
1 332
1 386
1 389
1 414
1 442
1 451
1 454
