53
1 1
13 2 28 39 42 46 137 162 187 225 270 276 290 306
174 3 6 9 11 12 13 15 16 18 23 27 30 35 37 41 43 44 50 52 53 54 55 57 60 65 68 71 72 73 75 80 84 91 94 95 98 101 104 106 112 114 117 118 119 120 123 126 128 132 133 134 138 139 150 151 152 155 157 160 161 164 168 169 172 174 181 182 185 193 197 201 202 203 215 222 232 233 235 236 240 246 254 256 258 259 261 268 271 272 273 275 277 284 285 287 293 299 303 308 311 312 316 317 320 328 332 334 335 340 341 343 346 349 350 351 358 359 360 368 369 373 374 376 377 378 383 385 387 388 389 390 391 397 402 406 407 408 411 412 413 418 420 421 423 424 425 429 431 432 435 438 440 441 444 448 450 455 460 464 465 466 467 469 470 473 477 480 484 488 490 491 496 499 500
16 4 8 58 148 163 170 190 198 212 218 241 250 307 329 345 371
1 5
15 7 47 74 113 204 251 253 263 292 339 347 366 426 430 457
12 10 100 102 147 205 219 353 370 379 404 427 462
12 14 92 122 153 229 260 262 288 333 354 452 485
10 17 20 24 167 195 213 226 302 327 394
9 19 149 295 301 313 321 386 481 498
17 21 78 88 103 105 129 145 158 186 194 199 223 243 280 314 459 483
14 22 38 49 110 142 184 224 244 286 291 304 331 381 392
8 25 87 116 173 249 298 375 398
11 26 77 111 207 238 269 305 451 456 489 493
1 29
9 31 124 146 208 227 297 315 361 433
9 32 69 210 217 230 267 309 319 442
18 33 59 67 76 96 156 214 237 325 356 380 400 410 447 454 474 486 487
1 34
1 36
14 40 86 90 127 135 176 178 192 323 348 405 419 446 482
6 45 179 189 206 344 403
1 48
14 51 62 93 99 108 130 144 188 294 300 324 326 337 449
10 56 109 171 234 257 330 401 437 463 471
2 61 367
15 63 79 131 175 177 183 211 228 283 318 338 382 422 434 439
7 64 140 166 191 242 274 289
11 66 70 82 97 107 248 436 475 476 492 497
1 81
12 83 89 165 180 231 265 322 409 414 415 417 479
16 85 125 141 154 196 200 255 282 352 363 365 372 395 396 399 445
1 115
14 121 136 247 264 266 278 279 296 310 336 357 364 461 494
1 143
6 159 239 342 362 384 468
1 209
1 216
1 220
1 221
1 245
1 252
1 281
1 355
1 393
1 416
1 428
1 443
1 453
1 458
1 472
1 478
1 495
