25 97
11 20
15 13
7 25
7 7
6 6
7 2
5 5
19 14
25 17
1 8
6 1
2 17
16 4
9 10
10 24
12 6
20 3
17 7
19 22
12 8
22 25
17 2
6 8
17 14
12 1
8 6
17 19
17 17
13 11
25 7
23 4
18 16
20 13
22 21
14 19
24 11
5 25
6 13
2 19
7 17
19 10
15 10
8 3
13 13
21 23
12 9
18 23
23 21
15 24
20 10
4 18
4 23
21 18
25 19
5 2
18 18
7 5
5 17
14 22
18 1
11 9
20 20
13 20
17 25
24 3
2 22
21 21
19 5
6 23
24 15
14 25
16 16
2 14
10 11
10 20
15 9
22 5
24 4
2 7
15 11
19 17
13 24
7 19
20 11
11 11
1 6
20 9
3 20
24 9
21 16
3 9
21 6
15 3
25 5
5 19
24 13
2 25
