30 94
12 11
24 24
25 26
14 16
5 9
29 22
26 16
3 22
17 4
29 23
5 8
9 8
29 30
30 3
12 12
25 10
23 22
7 7
8 21
28 15
12 24
2 17
4 17
27 15
21 8
10 10
2 18
28 28
3 3
9 19
4 18
22 22
15 9
5 21
3 29
17 18
23 29
4 2
7 11
15 15
19 5
14 26
21 14
19 19
6 6
24 6
24 12
23 13
6 12
23 30
18 2
11 7
20 10
4 4
20 20
17 17
16 16
7 2
27 25
25 27
13 22
13 30
25 28
8 8
14 11
2 4
6 24
9 5
29 29
11 4
22 13
22 30
11 11
25 25
5 19
9 21
19 9
6 19
3 13
21 5
11 15
13 29
14 14
28 25
1 1
2 2
18 17
27 28
7 15
4 30
13 13
23 20
16 3
28 27
