30 93
27 26
4 17
7 11
21 6
28 3
20 11
15 5
17 2
11 7
10 23
14 2
10 29
14 15
29 23
6 20
26 26
23 23
3 25
5 13
1 1
13 2
14 12
30 3
27 27
20 20
28 30
3 22
1 16
18 16
1 2
30 25
18 19
13 4
26 4
16 16
11 20
1 19
9 12
23 29
25 30
2 17
19 19
2 12
24 13
13 17
18 23
9 9
16 19
13 24
5 12
16 1
5 15
5 14
12 12
29 15
9 5
22 25
23 2
3 3
28 28
21 20
29 29
6 7
7 6
25 3
4 24
14 9
11 11
20 21
3 8
25 25
26 27
30 28
25 22
28 22
2 24
18 18
22 26
22 3
2 4
16 24
29 10
2 13
28 25
7 7
6 11
8 28
17 13
11 21
7 26
11 6
16 18
10 10
