58 168
29 49
10 32
7 17
54 1
9 33
46 33
43 43
54 48
37 31
14 14
10 29
20 6
2 58
55 34
19 58
27 27
52 52
35 48
21 21
40 12
15 34
31 37
42 4
32 20
34 55
1 18
52 11
13 27
21 31
4 8
40 30
53 14
3 53
21 53
23 58
13 13
9 9
7 35
33 9
41 45
28 54
46 42
18 18
6 20
54 5
20 32
30 30
58 19
23 19
42 15
11 52
2 2
9 51
48 28
28 1
20 41
28 17
39 43
40 38
15 55
31 21
1 35
39 4
31 53
51 21
14 21
1 6
29 44
40 57
13 47
34 34
51 9
26 2
17 17
14 3
36 30
46 46
43 4
36 40
21 37
11 11
57 38
8 8
54 28
29 10
50 12
56 10
58 58
35 1
34 15
39 8
45 54
9 10
48 35
31 31
47 27
33 51
53 3
12 16
18 7
30 40
50 16
12 5
17 7
50 50
4 39
16 50
19 19
55 42
15 46
5 5
14 37
49 44
30 57
55 15
34 46
32 41
56 56
3 37
35 35
45 20
20 45
20 20
38 40
39 39
24 29
54 18
3 21
16 12
4 4
54 54
27 13
8 43
50 5
44 10
29 50
17 28
49 56
28 48
45 41
26 26
35 51
1 17
17 35
36 38
43 8
4 43
37 37
35 28
22 25
54 7
56 44
6 6
18 17
22 22
42 34
8 11
38 36
25 25
19 23
5 50
7 45
33 33
40 36
36 13
32 45
35 7
30 36
