80 248
75 74
51 45
33 63
15 57
68 10
1 62
69 3
71 71
70 74
34 8
39 73
19 28
45 79
29 9
28 38
59 38
10 53
51 42
31 46
54 14
55 62
47 47
63 4
16 39
50 42
75 70
23 23
65 51
40 40
26 23
8 18
77 68
64 71
34 50
38 28
38 30
18 11
63 60
24 26
76 67
2 35
47 44
36 44
52 52
67 20
50 45
6 6
3 54
66 7
62 53
9 38
16 53
32 69
46 69
4 21
3 46
36 2
20 37
57 44
33 33
10 15
40 6
44 44
34 51
14 14
41 41
60 4
57 48
47 36
12 70
57 52
58 73
61 73
75 12
30 30
18 18
78 7
4 60
9 59
49 49
24 5
37 22
21 60
42 45
21 63
16 73
79 76
47 2
3 32
53 73
9 19
24 78
1 53
56 11
64 78
28 30
49 39
66 41
28 19
74 70
76 20
38 9
34 42
65 34
12 75
7 66
44 47
25 65
78 78
12 64
74 9
32 3
14 54
9 9
62 49
14 46
5 5
13 44
72 39
72 69
19 29
4 4
1 58
62 1
11 41
5 34
21 33
66 19
66 71
65 45
37 79
60 12
31 69
37 67
58 58
71 66
77 77
58 49
45 50
51 25
51 65
57 35
2 47
38 38
6 80
76 76
37 76
40 80
72 73
69 46
22 67
46 27
20 79
45 25
10 77
15 77
17 4
46 54
80 40
78 48
28 28
14 69
36 47
61 61
45 34
39 49
8 43
27 27
7 71
69 70
38 59
80 78
3 69
80 43
43 43
17 17
80 6
12 12
66 66
77 15
14 27
39 16
63 21
39 62
65 25
68 77
36 35
58 1
69 54
65 50
23 24
79 67
22 20
30 11
25 34
35 45
26 24
4 33
30 9
62 72
45 65
2 13
8 8
13 35
29 38
5 23
10 68
12 39
44 36
34 25
64 7
53 1
13 2
10 74
42 50
1 1
49 61
35 2
27 32
14 32
19 38
15 15
50 34
55 73
37 14
57 57
74 56
53 62
47 13
74 43
23 26
44 52
29 29
1 55
45 51
41 11
56 56
36 52
15 68
80 80
43 8
51 34
7 78
33 4
48 48
30 29
59 9
23 5
