100 318
71 78
96 76
55 70
82 82
66 75
22 54
77 91
99 87
58 76
60 95
37 70
51 22
39 92
38 44
60 92
18 40
46 100
38 77
28 25
30 96
32 15
97 32
35 33
78 45
92 61
56 4
78 23
93 92
45 43
17 8
17 18
91 44
62 87
69 20
35 66
82 10
80 17
76 73
60 84
6 16
41 84
80 18
74 33
3 86
32 97
11 11
95 95
30 30
20 66
87 20
94 7
71 23
79 91
94 17
88 4
46 87
26 87
52 13
1 83
74 74
21 21
99 90
26 83
36 85
27 62
24 53
5 70
43 78
45 24
53 48
53 37
77 38
35 80
63 15
89 71
13 44
53 55
71 24
47 65
83 83
19 65
94 82
8 49
8 8
10 10
46 28
78 89
53 60
14 11
13 91
99 3
5 55
32 19
13 38
40 18
38 52
76 58
89 23
23 23
63 85
35 74
96 30
59 2
57 62
5 21
95 93
85 63
28 87
3 99
24 78
48 55
18 49
80 49
89 24
84 98
19 19
19 85
55 48
59 69
57 57
8 17
10 7
40 49
58 73
43 42
21 37
74 9
78 71
81 70
41 98
50 58
20 2
42 45
15 63
66 69
3 90
4 88
52 29
68 91
36 4
67 100
45 45
82 35
87 46
34 6
38 51
12 54
92 93
62 34
92 92
55 5
62 62
91 79
49 17
68 65
71 71
16 16
29 51
56 31
11 50
81 5
20 20
77 51
36 17
6 62
65 97
59 59
73 11
26 1
52 44
53 21
86 6
41 41
50 11
19 63
46 1
100 46
40 80
63 36
68 68
46 46
90 99
100 1
88 30
73 14
66 59
75 15
87 25
56 30
5 100
72 27
15 97
78 78
82 7
43 23
5 5
3 3
64 53
11 73
15 32
47 36
65 65
25 28
26 25
36 97
4 4
65 19
85 47
26 28
61 92
80 80
48 64
57 72
21 53
27 40
75 59
37 21
61 60
58 11
81 64
55 53
33 9
37 53
39 39
67 28
25 25
5 37
9 74
68 29
39 60
21 33
90 56
21 48
64 64
50 14
31 88
95 60
78 24
50 50
76 76
82 84
98 41
60 39
34 62
73 58
45 23
8 80
98 98
87 87
67 1
29 91
100 28
49 80
82 94
29 29
19 47
70 37
79 12
92 39
93 59
26 26
4 96
51 12
74 35
14 14
64 55
9 35
67 25
33 74
93 93
53 81
55 37
88 31
9 33
6 72
54 29
90 90
54 77
32 65
17 17
58 58
81 48
44 68
13 68
73 76
99 99
34 72
85 19
100 3
25 67
61 39
48 48
68 12
69 69
76 50
94 35
97 15
80 65
36 32
77 12
18 17
71 42
70 81
19 36
61 61
76 11
79 68
69 59
40 8
6 57
20 75
94 10
34 27
77 52
27 34
52 54
75 66
7 94
