200 698
10 128
72 89
76 120
180 114
137 71
181 181
85 34
145 96
165 132
14 122
25 20
124 4
191 128
98 20
146 141
17 142
161 185
155 194
141 30
1 28
199 63
100 118
124 40
125 164
144 87
187 65
98 154
41 124
163 146
95 114
31 31
125 172
27 130
21 106
178 178
124 139
97 26
94 6
102 112
58 58
150 53
24 37
183 21
191 99
23 61
64 36
87 191
51 57
107 29
92 157
96 169
125 187
88 83
156 196
158 113
44 44
119 18
170 106
74 89
194 155
45 112
74 66
175 95
81 50
20 151
57 9
107 153
40 41
5 168
53 34
195 169
89 72
108 97
164 140
88 61
2 112
88 91
45 127
1 128
155 169
76 57
82 20
74 182
12 120
89 54
111 175
166 148
24 12
143 107
78 83
171 107
133 65
106 62
37 57
36 32
186 93
9 76
74 130
88 100
161 26
126 177
104 3
17 3
134 51
87 10
130 190
178 147
199 155
36 110
33 163
55 41
77 46
11 165
17 17
199 194
165 110
162 188
73 88
126 58
103 39
54 74
23 103
80 80
188 200
109 125
179 179
197 147
83 23
140 140
52 98
183 62
132 16
189 189
193 174
53 85
136 170
56 94
142 104
198 100
104 60
119 125
84 33
141 117
131 59
170 79
30 163
63 195
184 56
12 37
165 36
191 28
108 67
127 112
197 136
149 143
37 71
23 198
48 19
14 40
160 188
135 200
96 155
23 73
25 52
156 26
60 137
30 117
142 172
90 4
26 67
120 37
86 86
150 145
101 16
70 55
55 4
48 99
61 88
30 141
148 166
178 13
195 96
21 93
164 46
17 137
69 174
190 54
85 52
151 151
152 171
15 84
36 165
138 138
57 134
151 154
54 130
21 170
41 40
141 77
123 113
10 1
194 150
188 68
170 147
103 61
139 40
152 131
191 50
69 113
190 200
9 51
142 3
156 108
119 140
126 43
181 127
60 60
26 161
131 107
193 75
27 74
70 41
65 119
146 33
36 35
139 14
143 152
75 179
171 149
67 161
121 25
101 32
45 2
29 59
41 90
59 168
107 107
39 73
99 48
192 162
22 127
194 96
180 166
119 119
81 128
105 15
111 114
160 92
132 7
184 184
85 151
53 82
34 85
25 82
81 99
131 149
186 183
167 24
99 28
112 127
54 72
89 89
25 85
147 79
62 13
15 176
27 72
91 23
158 123
7 32
116 163
179 75
146 116
39 103
151 52
157 135
155 195
28 1
60 172
96 63
162 190
70 14
105 146
188 192
100 100
127 51
166 95
73 73
172 60
174 75
134 9
6 56
175 166
62 62
80 177
74 74
4 55
28 19
178 186
9 120
15 15
143 59
51 24
107 5
132 47
88 39
166 166
35 36
2 45
14 41
186 197
177 80
169 195
116 161
108 156
151 20
163 141
144 128
67 196
69 42
136 197
40 60
22 102
167 120
172 172
148 95
102 102
176 84
8 23
121 151
132 11
12 12
43 115
71 71
143 168
92 44
20 98
184 92
21 197
109 77
101 21
115 58
181 112
47 47
161 67
189 30
188 190
7 132
59 171
46 119
180 95
154 154
158 69
38 47
86 145
17 172
9 57
81 19
127 22
193 69
128 128
170 183
24 167
135 68
84 189
28 81
95 95
96 150
72 66
12 6
80 58
27 66
28 50
42 193
78 91
104 172
189 180
151 98
51 51
77 119
137 137
103 8
88 23
35 165
39 118
36 11
167 37
76 118
153 5
160 157
103 100
93 79
140 119
145 145
187 46
103 83
34 20
13 178
125 65
156 161
57 12
104 137
2 102
13 183
102 45
113 179
28 10
25 53
122 172
183 147
118 73
195 194
193 158
191 19
67 97
54 54
162 44
90 55
4 122
95 166
200 188
7 7
20 34
186 136
28 166
66 27
175 148
91 198
13 197
93 178
61 91
120 134
187 77
104 71
126 80
117 141
93 136
98 52
154 151
56 184
48 87
195 199
168 49
138 6
64 110
35 11
116 141
165 16
189 163
141 116
111 95
175 114
127 2
170 197
110 47
150 63
167 12
44 68
13 147
33 146
66 74
177 58
56 138
85 196
169 63
122 4
99 128
92 160
165 32
190 162
47 132
157 160
39 100
15 189
98 121
181 45
84 15
123 75
62 21
153 173
125 109
77 187
65 125
38 101
47 165
155 63
26 108
156 97
132 101
76 12
176 146
130 54
86 169
86 150
6 184
2 22
56 56
42 158
121 85
54 89
182 72
110 64
75 42
190 135
73 23
23 8
62 106
52 53
58 126
182 27
116 15
133 109
43 80
129 132
162 157
105 33
88 8
59 153
177 177
106 136
197 170
98 151
76 24
30 33
64 16
61 198
125 77
158 75
85 53
33 33
29 107
36 16
50 28
128 19
125 125
154 20
168 131
138 143
97 108
132 64
183 106
81 87
49 49
197 21
8 61
157 68
105 105
187 119
58 80
59 131
71 104
14 14
169 155
113 193
159 138
18 164
20 121
99 19
123 179
180 92
114 95
80 43
90 90
47 64
115 115
153 168
125 133
33 175
82 98
134 37
179 76
166 111
138 56
123 158
150 194
120 24
42 42
30 176
120 12
112 137
8 118
37 37
1 11
161 161
118 61
68 192
90 14
85 121
175 180
146 146
103 78
173 173
20 154
141 84
78 23
84 163
144 50
184 138
124 122
192 135
93 186
150 155
31 153
156 67
110 101
112 23
26 196
178 106
36 38
143 131
110 7
4 4
14 55
187 18
147 197
45 102
124 70
194 145
64 165
176 117
142 142
12 57
68 92
47 38
186 147
139 139
68 160
55 122
105 84
73 91
70 70
174 42
167 76
29 168
36 64
52 151
158 42
165 101
186 79
8 78
99 1
92 190
94 56
154 121
131 49
10 87
163 33
7 129
148 180
47 129
42 75
160 162
30 116
122 40
118 8
24 76
46 125
166 180
118 198
194 169
47 110
119 187
94 94
146 30
188 160
18 77
25 154
170 13
28 99
135 190
121 20
179 69
19 10
35 35
21 183
55 6
164 119
47 32
105 176
64 11
14 90
128 48
10 10
31 152
103 73
92 162
192 68
186 21
1 1
153 152
150 86
196 26
114 180
44 157
136 21
63 86
159 56
167 9
