200 733
135 179
113 71
99 81
79 188
136 90
90 124
75 53
55 141
88 127
122 61
41 39
60 105
84 84
141 166
167 9
119 120
35 133
24 9
36 49
33 26
3 196
75 45
87 33
42 102
195 158
22 31
191 30
116 181
128 61
49 132
109 15
82 48
188 145
79 120
138 88
147 170
192 49
92 36
130 142
82 137
111 153
181 16
142 57
136 71
16 7
189 85
17 169
28 127
21 169
43 2
183 32
52 113
81 99
21 65
157 75
39 12
81 14
126 11
18 9
12 60
116 56
71 96
62 192
52 124
54 35
33 94
125 133
183 115
198 159
108 57
194 166
171 42
19 69
145 85
177 195
131 157
49 190
83 116
152 192
76 93
98 98
16 178
148 41
47 114
95 159
132 36
23 42
95 55
157 53
92 62
137 163
130 94
197 185
145 119
183 101
74 121
130 79
60 99
51 139
181 7
4 4
40 182
168 168
71 52
197 197
89 198
142 119
109 146
85 87
6 128
144 44
86 88
37 117
59 195
196 98
60 12
96 71
87 94
130 156
38 168
19 180
81 12
15 176
27 132
108 35
45 75
89 80
31 72
6 126
44 106
169 169
39 63
83 56
37 69
100 25
172 34
64 20
187 26
7 181
26 186
145 113
83 16
1 5
173 106
6 143
28 146
107 37
121 121
14 146
67 194
160 17
172 172
83 181
198 112
142 156
133 138
182 40
5 194
155 166
102 137
64 144
124 90
160 21
143 163
194 194
103 107
20 154
139 122
158 24
127 35
135 76
24 195
99 14
27 27
127 146
70 24
141 141
6 139
63 81
12 39
8 143
126 191
151 32
2 173
78 4
16 98
74 198
192 192
94 145
55 1
52 26
72 153
174 146
46 81
39 81
142 189
200 200
101 101
29 17
155 27
175 114
157 20
145 142
75 157
109 109
55 5
188 57
58 121
77 21
58 80
83 98
2 13
104 169
129 5
13 144
124 124
117 40
199 145
113 113
9 9
77 17
67 5
180 180
182 87
80 95
168 147
180 19
68 59
86 28
51 51
170 135
184 47
87 188
129 141
12 63
37 37
3 32
185 92
9 18
69 40
7 56
149 118
46 148
170 170
68 177
61 11
181 178
71 124
188 119
76 179
8 102
4 101
48 168
8 137
125 86
63 63
108 189
100 163
86 86
21 160
154 64
182 107
68 167
11 11
191 11
78 78
89 58
69 69
186 71
66 166
173 193
169 160
172 31
110 179
55 50
144 106
69 10
139 53
44 44
134 123
10 40
76 110
9 167
98 181
145 94
193 106
134 42
132 132
119 142
154 86
193 44
70 167
87 120
71 186
28 138
33 199
44 97
142 108
155 155
129 50
48 147
101 183
150 44
98 116
133 146
84 77
84 164
125 176
135 38
68 149
19 78
2 43
85 94
36 132
70 149
102 143
189 120
41 105
151 47
47 175
59 9
93 76
188 162
198 121
117 107
67 141
127 88
42 100
78 183
52 186
159 200
71 26
29 47
119 130
132 185
200 74
54 176
130 189
19 32
137 42
96 26
19 45
99 99
59 68
175 184
111 73
62 185
126 61
8 163
53 53
168 48
189 145
102 42
166 5
127 138
105 165
133 15
43 144
101 115
164 169
43 97
60 14
87 156
156 145
131 20
60 46
111 145
190 132
95 200
101 78
63 60
80 89
161 72
127 86
119 79
160 84
78 3
83 83
149 149
193 43
144 13
74 95
1 1
45 154
92 185
66 67
150 193
55 67
47 151
187 136
159 80
158 51
76 38
38 154
105 39
32 3
145 145
41 12
60 165
134 137
178 98
148 60
137 143
26 113
32 78
16 181
7 44
40 103
115 20
171 8
17 164
53 131
117 37
21 17
162 94
9 195
187 186
193 39
180 4
53 75
123 102
177 91
43 44
45 131
85 57
196 4
138 54
72 31
143 25
65 84
17 65
101 180
32 19
136 186
127 109
116 7
141 194
11 30
46 165
130 188
33 79
157 22
165 12
161 161
82 147
187 71
167 177
64 154
104 84
197 111
17 17
187 90
81 60
14 14
49 62
100 137
28 28
1 66
152 190
35 86
37 10
197 161
185 132
128 191
154 45
167 91
192 62
3 3
137 171
20 45
185 152
135 147
24 68
120 108
10 117
78 196
163 23
195 18
135 135
50 166
99 165
64 53
192 190
31 22
100 8
175 175
99 148
60 63
35 138
199 188
153 67
21 29
152 92
146 15
111 22
62 49
103 103
92 192
71 187
87 142
151 175
25 23
110 76
167 118
183 196
107 40
61 61
112 80
2 106
176 28
147 48
130 108
3 19
188 94
129 1
100 23
51 59
184 114
62 36
122 128
141 50
121 58
80 74
14 165
6 61
118 24
162 130
193 150
11 6
171 23
158 18
127 176
34 31
79 189
79 199
196 19
16 56
185 62
58 89
61 128
79 87
116 178
160 77
140 129
14 99
33 162
153 72
50 129
37 103
49 36
53 154
14 148
12 165
137 8
29 29
198 198
185 36
78 19
115 78
147 76
75 154
177 177
28 109
116 98
73 31
106 150
123 25
112 74
158 9
82 122
36 186
169 84
22 153
131 131
162 156
82 82
166 194
150 2
65 160
31 34
131 64
195 70
38 170
97 44
97 193
122 139
83 155
7 116
90 52
60 138
156 199
73 153
59 167
67 140
145 189
73 97
115 101
152 26
165 46
23 23
152 185
136 96
23 143
142 130
128 11
84 21
84 65
69 103
133 54
150 144
166 66
139 128
66 5
194 1
194 50
38 147
62 152
127 174
6 11
75 75
26 71
114 151
199 156
13 97
74 112
95 117
102 23
36 190
53 64
196 101
75 64
133 109
134 8
70 158
33 156
171 171
195 167
36 192
111 197
124 136
158 59
174 28
85 33
98 7
185 185
156 94
156 85
71 113
197 172
117 182
156 108
41 41
171 102
187 124
81 122
46 12
1 141
6 191
181 56
128 6
86 15
199 120
4 19
163 163
57 33
119 85
58 112
89 95
100 134
27 155
141 140
103 40
134 163
180 32
186 187
172 169
164 160
50 194
11 191
88 88
38 48
47 47
59 24
12 99
167 51
147 110
97 173
90 71
60 148
18 118
82 168
8 134
16 16
200 112
161 31
175 151
18 24
171 137
61 191
200 80
73 34
172 73
70 195
32 32
80 159
104 65
149 9
138 109
163 25
5 50
82 110
171 85
43 106
126 126
167 59
168 82
7 178
25 171
59 149
143 143
1 50
183 78
37 107
88 35
14 105
64 64
182 122
148 99
27 193
66 50
70 177
157 154
114 175
