500 1780
367 61
98 1
424 460
238 207
214 400
152 420
463 437
345 329
106 408
58 241
57 254
22 31
273 235
287 104
370 81
419 323
106 428
88 105
430 251
334 334
323 419
396 282
10 81
35 35
483 103
248 476
345 250
438 123
202 98
31 361
172 13
371 8
80 94
156 67
231 83
33 447
281 281
432 37
322 83
218 163
386 498
356 410
398 298
243 21
283 175
397 258
198 329
120 16
236 114
421 161
309 442
173 116
434 338
119 120
267 217
170 163
75 3
432 275
500 27
351 240
345 148
499 91
448 320
208 124
232 236
259 94
296 494
248 107
65 287
304 142
129 78
140 64
436 492
476 82
2 39
497 66
137 42
138 126
332 174
338 283
58 212
299 477
126 429
103 459
206 344
289 274
164 106
440 101
16 236
379 462
351 343
337 300
461 494
145 459
51 99
406 406
96 214
33 325
491 491
101 320
138 316
78 158
389 201
482 40
181 72
378 428
436 66
279 357
296 264
371 329
83 218
160 60
370 205
375 298
476 497
9 351
271 114
35 29
335 236
6 15
475 317
427 370
452 229
156 33
391 150
358 374
255 363
420 259
170 198
45 403
402 240
408 106
94 152
65 11
332 120
94 94
195 20
433 297
206 206
309 191
39 225
246 317
66 107
207 77
74 113
448 172
273 128
494 278
467 480
41 491
191 140
436 97
368 455
74 74
18 18
230 32
151 256
4 58
365 363
465 15
296 364
21 129
180 89
108 124
278 279
44 68
195 17
17 20
400 325
151 30
395 372
294 300
251 251
451 451
167 17
302 302
329 218
202 444
38 381
493 489
209 33
462 370
260 153
196 125
349 376
319 457
483 158
301 313
107 107
426 366
251 7
47 292
278 364
190 250
130 144
151 488
253 263
429 215
361 146
283 434
161 222
145 223
291 49
141 141
298 25
15 428
188 188
380 214
366 366
294 449
371 218
235 233
158 314
478 395
240 390
124 146
99 188
325 447
136 118
309 309
46 46
449 99
147 205
361 361
449 188
138 284
490 118
82 82
111 305
358 367
310 121
204 47
449 326
485 14
78 78
222 308
205 319
182 390
76 214
260 288
256 500
310 310
12 277
68 68
146 227
53 334
465 349
76 96
492 82
63 422
342 468
52 466
96 454
487 380
187 187
487 400
418 499
262 485
320 155
189 403
146 124
311 406
273 332
322 89
2 225
208 297
430 74
211 79
9 259
165 414
472 354
418 18
209 156
442 32
292 204
459 243
94 259
440 155
444 98
196 154
120 335
433 31
106 435
224 286
268 134
69 217
273 236
486 214
292 251
350 303
159 468
368 72
228 338
27 256
353 404
153 92
266 357
153 354
95 35
285 484
18 134
203 41
431 182
269 26
22 110
373 373
450 132
337 93
301 149
449 93
229 260
462 81
23 23
19 313
23 65
436 475
340 123
191 64
46 290
392 142
310 136
359 438
198 241
173 87
346 246
489 269
315 124
129 194
75 65
129 459
113 347
135 86
415 409
269 111
363 200
203 464
303 233
183 211
54 236
128 236
424 488
327 213
269 489
44 272
456 269
446 178
485 485
365 395
476 476
320 133
105 145
490 490
246 406
10 404
266 279
165 322
110 291
126 233
152 402
192 176
440 477
51 324
405 482
320 125
399 154
349 6
147 462
457 339
24 24
184 381
217 32
26 26
151 455
441 101
279 136
60 460
65 3
427 427
451 77
71 369
279 247
305 489
260 262
101 477
214 486
193 312
69 267
331 110
287 496
17 24
484 311
447 380
324 188
426 339
149 313
290 453
170 307
76 325
149 295
19 386
117 104
141 396
347 263
437 234
174 271
149 301
182 182
384 362
53 53
375 375
31 208
440 299
490 397
381 244
9 402
391 84
437 437
369 477
60 160
213 394
336 136
452 333
459 483
44 126
175 228
261 254
497 476
104 104
307 198
308 438
124 124
129 199
347 339
70 70
24 195
279 336
384 324
425 490
46 453
379 379
335 258
102 102
432 469
500 368
445 282
361 124
167 213
318 338
12 469
324 99
107 97
461 264
336 357
133 360
333 153
15 6
71 448
27 368
426 251
282 445
395 396
304 392
105 483
184 49
257 234
58 345
201 259
275 328
18 160
345 218
348 405
409 231
153 260
79 175
90 446
95 95
209 410
122 260
267 309
300 51
226 327
413 423
52 52
440 13
200 85
4 190
332 71
69 69
363 154
362 495
183 338
186 145
358 281
247 336
53 438
362 159
298 375
123 466
412 450
178 178
251 457
58 4
14 452
186 105
339 457
421 423
292 292
287 412
191 242
397 332
178 135
184 304
84 311
23 75
135 497
484 169
464 185
231 409
144 326
80 351
89 231
44 303
80 420
103 186
199 199
397 128
154 125
413 413
229 92
167 195
69 319
456 207
485 48
311 383
365 372
76 76
232 273
41 117
327 327
133 441
400 214
11 399
169 84
176 86
435 378
118 490
265 414
487 96
387 285
25 116
197 438
31 124
178 127
389 152
108 130
42 290
140 191
446 40
60 73
128 258
346 168
450 450
371 345
27 27
280 483
293 132
184 22
112 18
110 49
471 437
132 65
190 371
404 10
127 176
264 296
406 383
471 471
463 463
388 424
292 47
332 271
373 377
122 485
49 381
151 500
124 433
4 162
375 249
394 394
207 26
273 114
188 300
267 32
167 24
30 341
336 296
362 468
75 75
482 86
171 171
295 295
277 432
463 330
392 407
335 273
137 225
466 328
369 369
464 275
202 202
272 429
279 121
290 270
376 349
313 481
138 44
478 445
10 370
84 383
53 123
177 318
23 132
335 332
84 346
465 428
64 238
369 490
4 19
309 32
3 287
400 76
274 140
194 88
373 222
366 74
403 206
440 360
254 418
403 45
246 246
177 183
98 367
325 454
38 392
204 74
31 146
224 392
195 226
172 71
109 330
283 211
194 243
31 433
382 439
102 219
14 153
124 297
298 87
417 409
248 436
359 235
93 326
72 500
489 207
247 494
39 270
67 59
239 362
358 444
423 35
432 185
218 371
402 9
32 319
474 59
134 160
174 335
2 276
180 83
310 357
95 378
351 9
207 456
484 285
39 46
198 163
20 17
25 87
399 85
439 338
42 39
387 169
190 307
113 457
324 324
403 344
470 117
363 141
395 200
13 467
337 337
233 316
197 340
293 431
56 401
159 362
95 428
212 329
112 60
230 230
98 374
348 176
294 144
291 224
56 257
192 323
325 156
291 304
457 253
111 26
287 11
432 12
442 309
326 449
9 343
193 118
110 304
185 41
116 398
303 303
349 428
151 341
21 459
454 400
175 131
270 137
489 493
486 216
33 356
309 69
323 90
312 425
317 374
203 469
41 203
395 363
183 434
473 421
127 398
483 194
398 87
86 178
432 41
415 417
270 2
303 235
145 314
144 294
253 430
438 53
164 408
447 59
1 1
351 402
336 461
222 473
275 203
115 82
304 291
154 372
306 39
266 296
374 202
72 407
381 291
254 73
151 181
387 406
157 118
248 97
177 228
487 454
172 360
366 204
410 454
176 348
369 71
276 46
230 210
282 255
239 495
406 168
482 192
312 157
365 19
72 455
182 293
414 231
68 235
468 495
474 356
285 346
137 306
497 475
340 411
335 232
273 397
96 76
459 129
488 368
92 48
13 441
433 361
234 109
370 147
388 72
415 89
224 110
40 192
205 219
444 367
255 352
83 180
88 103
109 257
321 498
274 242
172 440
312 490
449 62
402 201
408 428
339 426
271 16
144 144
353 102
109 56
41 470
404 353
206 189
443 61
451 305
498 295
301 386
449 274
285 285
435 349
39 28
471 234
256 117
337 449
17 167
335 174
268 18
87 398
484 168
161 373
386 313
210 267
223 243
249 87
339 347
78 186
424 341
387 484
458 284
61 252
133 101
61 367
221 424
175 177
218 345
301 295
436 248
379 427
119 174
347 292
466 334
256 27
371 58
354 92
155 467
423 423
344 179
500 72
15 349
7 457
189 173
486 76
223 459
287 416
353 462
250 345
99 324
69 230
168 383
46 270
210 442
479 180
182 139
388 407
391 387
69 210
472 153
423 473
63 382
415 83
144 449
112 256
396 365
224 224
419 482
142 244
144 108
60 60
315 297
17 226
108 62
422 422
23 412
34 257
310 247
484 157
291 381
99 130
276 187
130 294
73 57
62 51
91 57
446 405
352 196
331 224
459 223
243 459
231 231
449 144
474 216
407 368
154 154
205 100
315 433
371 198
53 340
168 387
400 237
331 184
69 442
345 58
500 181
394 24
20 20
70 82
290 187
296 121
461 266
10 205
359 316
438 411
480 101
380 380
419 405
90 135
284 359
125 200
278 121
102 205
383 50
310 364
423 29
493 26
478 141
94 9
4 198
482 446
374 358
145 199
43 320
189 45
274 289
90 127
21 103
481 19
321 321
385 91
145 280
372 125
206 179
339 204
175 175
370 462
426 47
155 320
76 454
95 349
54 273
242 289
163 345
136 121
165 89
354 485
387 84
288 485
343 343
297 433
407 151
26 111
257 471
122 288
80 355
268 499
450 412
273 258
422 79
363 255
218 212
242 64
454 76
475 97
33 486
240 355
267 319
66 248
13 299
41 277
314 88
98 484
72 72
258 54
142 304
17 17
484 84
22 142
356 214
88 158
66 475
114 119
142 331
43 101
132 447
339 430
415 415
277 203
475 436
232 16
144 188
43 155
31 297
176 178
378 106
133 448
232 397
224 49
191 166
343 201
129 105
464 491
198 8
100 219
377 421
450 287
251 47
182 431
205 205
333 48
142 392
214 454
389 402
364 494
287 23
121 136
248 492
37 277
85 445
386 321
257 171
218 241
385 499
2 28
223 78
9 55
232 119
230 267
400 487
56 171
117 275
80 80
316 126
414 409
215 418
193 425
225 225
2 46
341 455
11 412
319 442
476 492
375 25
138 303
199 158
109 463
176 176
377 161
456 451
47 47
492 97
495 282
383 169
410 33
366 347
247 136
340 124
8 212
461 364
374 374
227 208
220 220
394 20
62 294
16 16
38 291
481 301
77 500
80 343
474 454
335 271
229 122
201 9
458 44
256 424
428 481
285 383
70 248
7 339
156 474
425 118
215 91
266 266
371 170
181 455
55 9
347 113
88 483
67 474
489 451
25 375
469 185
91 91
451 489
308 373
187 2
257 28
341 368
157 193
192 348
377 473
370 379
168 84
38 38
95 6
151 424
253 204
114 258
212 4
409 479
399 395
367 1
422 183
439 63
462 10
110 38
88 223
488 460
199 280
279 264
318 434
93 130
201 240
291 110
49 49
56 234
162 453
25 298
34 291
472 452
224 22
493 77
295 149
129 223
12 432
86 419
277 12
200 200
68 233
148 212
158 145
358 1
471 401
59 76
243 105
72 388
239 384
241 170
460 30
112 57
263 204
343 389
372 154
136 266
305 26
221 500
139 293
222 161
257 401
133 155
382 382
425 312
281 1
226 226
432 117
491 464
85 255
108 449
43 36
364 278
221 455
455 460
384 342
14 260
91 160
213 327
380 474
387 391
401 471
62 326
50 317
406 317
7 366
293 293
266 494
150 150
453 245
87 375
350 496
103 483
481 386
181 181
112 499
151 27
395 399
342 362
280 103
322 414
423 161
264 494
100 404
276 225
390 182
254 91
346 50
264 364
169 317
255 396
356 325
206 403
28 270
54 397
141 363
49 110
139 75
401 56
340 376
336 403
107 248
173 398
1 5
92 153
382 318
40 262
234 56
302 327
357 310
442 267
326 93
430 366
483 129
406 150
134 268
57 73
237 59
58 198
151 388
348 178
300 108
194 158
85 372
351 55
425 157
49 38
253 47
295 386
154 363
312 312
387 383
191 289
146 208
336 336
203 470
63 439
360 441
123 193
259 201
99 449
389 389
286 286
92 142
75 496
382 183
482 90
28 42
171 437
187 39
314 223
312 118
438 340
83 417
500 151
278 310
30 72
224 244
82 436
38 142
217 230
294 337
378 6
418 73
365 200
235 429
441 477
329 329
93 144
77 305
454 325
179 189
97 436
246 285
472 260
238 493
80 240
479 83
398 173
131 63
357 266
246 169
77 489
238 111
416 416
474 474
486 356
296 336
369 36
158 158
273 232
168 246
444 1
191 274
294 108
409 415
102 10
103 105
195 394
233 138
405 323
450 416
390 431
139 139
2 2
226 394
454 356
162 276
171 109
137 137
329 4
270 225
138 429
425 193
485 142
8 170
28 453
75 416
181 424
106 349
324 144
89 165
235 235
369 45
77 77
492 436
179 179
314 280
82 70
302 20
344 206
311 387
378 15
43 43
376 376
107 66
52 123
431 293
302 24
190 8
132 23
471 109
412 65
373 161
74 251
249 398
341 460
50 391
289 166
367 301
11 75
463 257
130 108
450 350
17 327
311 168
450 80
401 437
477 155
328 411
496 450
284 44
174 332
481 149
96 237
249 249
257 109
436 107
376 465
51 326
230 424
90 405
8 148
479 265
373 423
80 402
9 201
320 480
306 42
285 168
422 283
311 84
411 340
189 344
386 481
278 336
105 223
184 110
39 245
240 9
244 291
183 175
343 55
271 23
480 360
121 121
466 53
457 47
133 13
9 152
147 404
123 123
106 164
33 400
98 202
470 41
386 19
487 33
286 291
141 399
257 437
312 193
346 391
186 280
18 57
455 256
6 164
101 101
222 413
477 43
415 231
466 197
214 96
7 204
297 227
467 440
306 245
187 453
241 8
322 265
500 341
150 387
297 124
101 440
265 479
143 437
204 251
457 457
417 479
85 282
151 72
383 383
110 331
30 151
305 493
238 238
103 88
349 15
225 42
155 440
493 207
52 328
299 71
451 238
41 432
259 343
464 277
52 197
119 16
74 339
420 351
430 113
64 140
392 184
167 20
215 60
200 365
483 88
15 393
203 185
447 474
322 165
101 36
1 252
30 256
259 259
255 395
149 498
53 197
87 87
183 228
99 144
3 11
60 268
358 98
293 390
365 365
437 56
261 18
218 250
192 90
494 310
411 52
491 41
328 466
139 390
197 123
166 274
145 103
329 241
349 106
303 423
75 287
243 194
307 190
351 80
128 16
310 264
394 226
103 145
347 457
148 148
438 438
298 398
28 306
496 132
236 232
376 6
25 249
317 169
135 40
366 263
307 345
6 408
33 59
455 30
400 216
418 385
348 482
153 14
100 100
266 264
157 83
391 173
209 96
131 211
224 381
126 303
37 464
425 220
115 476
77 238
16 332
44 316
247 461
385 18
227 361
468 239
55 152
252 252
398 375
346 150
404 205
489 305
167 167
228 318
297 315
200 282
143 482
232 335
354 288
41 12
131 338
470 185
35 161
277 275
60 339
304 244
180 322
121 310
445 154
26 493
481 498
194 145
445 200
274 64
55 94
326 62
221 72
181 30
299 43
35 423
104 12
367 5
307 371
166 191
459 314
484 246
275 469
491 275
330 171
265 409
454 216
204 366
437 330
118 220
181 488
465 376
488 72
82 97
286 38
221 151
465 95
299 448
211 63
67 33
74 253
405 419
449 108
364 279
258 271
28 276
26 207
60 112
28 162
290 39
47 204
275 275
32 210
433 315
363 396
85 395
351 259
169 168
369 467
138 233
263 457
200 141
485 153
62 449
86 127
455 151
475 66
87 116
238 451
239 239
112 385
105 243
291 22
38 304
134 134
79 439
356 96
229 134
372 445
351 201
382 177
490 193
402 152
478 352
223 129
57 385
179 206
446 127
128 119
114 120
344 344
360 369
402 402
195 302
244 142
58 250
340 438
391 317
33 76
35 222
287 3
188 62
229 354
493 111
234 471
243 223
432 470
229 14
280 158
203 37
104 470
418 418
197 53
23 19
344 45
348 165
402 94
372 372
74 366
334 328
354 153
365 396
195 471
469 491
284 138
471 257
47 7
233 44
98 358
179 45
64 64
395 154
219 370
15 173
182 484
404 404
231 165
373 29
193 193
390 293
57 261
432 491
