500 1884
365 356
9 340
424 123
189 109
19 343
12 402
197 496
229 126
231 385
7 166
189 323
339 23
45 77
447 487
491 118
486 269
18 53
120 122
459 495
222 498
384 484
112 151
320 240
212 292
222 204
79 353
413 463
167 278
25 459
98 267
393 458
35 331
41 4
69 70
354 84
245 213
296 25
473 341
328 364
474 99
450 97
49 356
468 262
85 154
193 268
163 187
66 21
172 363
131 437
461 127
125 27
100 407
358 234
75 125
449 69
33 211
133 133
316 361
263 411
397 394
363 287
10 85
497 391
211 267
21 360
284 164
404 477
147 388
146 240
191 52
87 304
186 485
67 271
213 140
50 55
192 198
103 359
264 131
184 448
120 450
311 323
8 68
482 370
446 358
36 242
39 336
428 89
169 387
281 64
245 254
193 12
55 200
202 145
287 406
291 194
184 211
190 339
462 365
201 192
285 243
62 275
396 112
381 221
367 303
177 25
242 276
47 364
2 468
340 364
81 38
318 271
12 354
100 413
18 68
265 279
92 434
52 469
134 185
94 259
500 244
407 413
176 301
301 264
34 8
394 286
36 191
134 55
136 265
12 180
98 262
444 115
453 481
354 333
193 402
217 155
20 396
107 158
276 356
267 415
108 218
412 327
77 210
47 415
37 460
431 303
406 497
156 116
297 499
10 290
36 365
299 291
28 315
456 162
473 213
308 136
189 173
444 24
413 428
19 484
280 408
31 371
219 79
81 403
122 189
117 142
217 216
176 458
450 140
16 274
430 256
195 97
55 163
146 355
63 269
398 50
324 245
357 386
312 165
265 440
137 295
45 218
230 464
55 312
311 63
179 363
39 286
124 283
59 47
235 210
69 393
76 444
327 238
126 416
147 28
85 450
179 195
385 385
353 496
34 415
282 402
252 425
184 416
52 462
161 58
353 475
299 148
152 83
459 388
61 129
294 429
454 133
180 162
360 363
202 337
125 497
374 233
416 328
293 21
244 244
53 441
340 492
358 399
473 179
39 77
221 312
270 325
21 171
348 109
138 315
403 72
70 397
23 402
83 31
170 148
152 423
358 174
65 392
331 361
235 449
452 180
60 28
214 337
139 485
422 358
494 465
39 222
401 486
68 308
318 56
150 248
337 263
151 390
113 386
349 107
312 445
485 166
336 373
232 329
477 299
330 73
328 126
336 182
67 165
316 35
123 224
108 176
435 119
324 254
368 215
79 12
216 280
77 204
429 324
45 458
171 324
109 263
462 117
30 257
478 375
234 6
329 183
467 70
450 78
240 352
79 295
130 72
305 138
449 108
277 45
496 219
350 245
310 297
81 401
147 487
217 311
437 45
458 260
63 156
246 342
212 398
410 94
314 240
92 306
206 193
265 491
80 302
417 420
335 368
456 479
362 376
479 438
103 347
438 208
8 463
479 3
467 301
209 36
358 201
66 245
280 411
410 342
71 346
199 452
30 417
339 452
143 344
417 402
309 282
90 318
355 335
138 25
229 262
387 42
118 389
483 258
479 309
222 449
168 49
477 255
156 401
297 366
500 88
388 426
79 190
484 278
104 308
15 340
51 349
397 235
398 133
303 322
97 10
30 193
255 436
259 377
320 234
325 113
248 466
189 237
13 35
223 50
13 313
13 295
136 47
13 101
17 322
12 331
447 177
176 393
253 382
317 177
412 351
496 424
11 450
217 494
310 282
346 346
267 461
91 231
246 246
88 143
362 71
3 35
201 322
329 255
100 279
308 229
81 372
382 372
363 10
373 69
135 181
291 226
355 17
435 313
499 119
286 283
280 323
75 375
318 31
491 9
224 236
23 123
69 131
149 278
423 128
276 209
23 180
117 430
260 264
198 201
131 45
349 281
121 301
497 369
452 418
182 115
230 201
213 172
34 427
214 175
468 33
286 210
16 12
63 173
219 409
136 491
426 466
330 141
478 406
137 224
123 297
458 124
333 310
286 286
266 100
264 394
349 299
329 157
291 474
376 122
374 240
168 62
108 286
123 313
30 16
75 363
385 7
363 179
230 446
125 125
429 85
261 392
283 235
244 319
83 134
492 279
198 233
108 260
394 260
201 326
66 497
314 326
112 299
267 279
107 107
370 482
178 303
4 450
264 39
212 357
180 35
25 347
215 400
411 217
112 493
450 245
225 20
160 145
48 222
33 59
42 446
154 287
383 267
156 38
255 477
400 174
151 477
207 145
219 333
137 313
225 471
367 240
105 20
20 380
348 486
237 401
254 245
190 499
255 135
289 400
260 220
148 304
218 210
369 5
432 417
210 264
401 237
74 239
5 450
497 228
323 253
449 397
471 436
478 75
50 133
222 210
421 286
170 380
362 217
25 447
464 57
240 434
247 128
25 103
112 225
106 24
454 83
33 461
476 233
6 178
459 60
299 151
205 457
65 472
489 6
131 164
35 180
432 249
490 18
497 195
35 101
391 213
94 392
369 4
366 12
491 262
415 383
330 152
479 402
349 158
350 369
80 468
498 108
483 483
343 255
117 410
195 1
417 339
498 220
238 83
285 19
246 276
193 206
140 363
227 348
465 488
201 306
499 432
27 41
426 384
32 491
156 189
473 85
21 245
365 392
74 63
433 371
298 320
199 435
281 232
65 52
378 25
58 163
281 304
207 227
349 329
475 193
488 189
175 71
430 430
218 48
331 310
387 326
108 115
415 427
442 28
173 486
136 126
269 130
219 206
329 349
343 7
93 206
408 494
49 205
34 211
496 35
167 459
209 356
120 269
464 422
275 392
469 259
77 70
220 421
401 96
253 269
96 372
268 13
378 347
399 355
356 342
432 282
117 365
43 305
94 117
264 69
446 192
435 409
420 35
475 93
315 317
255 105
60 285
171 369
464 192
199 310
362 382
259 370
253 494
42 192
279 68
497 97
124 124
416 416
364 468
444 437
285 307
254 10
458 108
213 4
176 437
230 234
395 138
190 3
34 364
64 91
198 306
125 10
209 275
39 264
484 147
98 490
134 357
376 63
471 170
176 69
217 109
287 254
109 408
18 44
196 378
313 354
55 134
353 339
248 167
30 316
190 162
140 125
175 408
351 351
46 212
321 108
283 373
221 351
199 339
53 2
257 435
231 51
180 496
73 371
180 236
129 107
11 140
476 73
131 444
407 461
137 93
201 358
362 120
51 232
158 7
447 28
238 26
239 217
131 76
470 203
241 101
336 235
163 238
150 459
70 131
216 74
200 102
480 20
342 500
23 199
176 222
83 270
197 249
141 133
70 336
302 492
482 242
311 269
379 398
473 75
236 496
188 359
335 314
358 14
212 134
249 123
483 338
223 102
390 20
361 409
217 488
474 225
481 248
417 435
114 289
138 248
120 217
237 160
354 224
383 40
424 424
288 7
423 351
426 28
217 337
257 35
499 282
19 384
233 114
421 260
223 247
118 211
79 219
113 102
331 206
408 372
494 71
4 350
245 391
185 58
83 67
222 48
393 69
425 462
9 415
151 56
356 370
82 400
102 312
21 179
252 94
59 440
260 121
218 458
489 303
29 482
401 155
50 238
225 91
98 414
394 176
302 463
93 137
467 284
41 363
53 328
345 18
364 118
350 406
437 284
254 5
15 211
337 181
392 209
108 458
450 293
396 64
48 373
91 343
482 65
398 443
433 67
172 5
443 128
222 222
497 287
371 381
282 224
275 425
158 419
139 51
437 321
171 21
140 350
172 406
436 480
243 395
486 382
190 119
202 401
274 199
68 80
297 249
341 171
221 26
496 137
227 401
179 287
258 298
260 498
191 86
88 242
476 374
369 497
302 490
284 210
202 202
2 302
28 481
247 412
38 63
381 73
425 261
4 179
195 450
329 194
372 465
317 487
451 133
323 486
39 48
29 319
404 226
50 423
64 396
493 329
494 109
465 74
392 319
385 380
427 468
19 317
168 275
491 54
62 500
449 218
446 483
237 465
86 95
307 149
430 365
355 476
77 176
295 274
237 311
493 186
469 256
392 94
178 338
295 93
73 238
36 457
467 48
423 379
315 305
289 114
172 360
345 15
136 448
71 227
362 155
20 477
470 436
276 142
369 11
218 222
195 172
478 341
361 366
233 298
461 100
78 195
72 214
362 239
312 312
437 437
126 68
140 172
76 394
279 136
59 250
338 174
77 397
215 326
106 39
77 235
96 63
196 285
155 362
5 363
68 328
490 428
411 63
229 54
411 348
421 397
234 192
101 331
8 461
430 191
473 254
286 235
409 333
498 467
185 187
484 315
351 50
265 364
458 283
175 239
308 104
325 73
424 331
439 68
446 464
304 385
133 272
391 179
200 223
443 58
461 44
385 390
248 243
93 13
254 360
445 381
43 188
366 249
480 170
420 30
405 102
84 268
97 450
67 55
75 391
29 144
426 307
476 314
153 470
375 10
144 49
209 86
460 43
488 348
381 187
355 489
460 378
277 115
366 93
328 136
99 188
44 2
33 184
141 357
76 69
362 337
113 271
253 38
367 82
37 60
145 382
210 444
475 236
186 232
197 310
398 351
157 20
205 276
279 34
210 284
237 280
418 93
137 496
182 286
429 294
141 161
224 219
323 401
433 238
72 488
465 465
197 274
482 430
445 187
44 267
452 475
49 244
104 389
440 54
40 40
152 221
29 94
313 366
447 447
59 107
274 313
430 62
493 299
451 200
374 22
354 208
228 324
376 130
417 274
488 494
33 439
107 291
376 207
72 207
210 77
90 325
385 288
165 371
205 244
143 209
428 428
178 400
267 440
262 127
299 329
161 73
342 365
371 318
135 105
299 135
292 423
213 321
375 78
287 21
54 345
491 32
94 370
342 425
10 10
123 93
85 287
266 490
354 354
288 61
203 471
466 384
192 174
282 297
119 274
309 101
328 416
91 477
458 210
336 70
79 3
15 8
318 73
134 405
63 465
472 36
333 197
227 263
50 26
410 377
446 110
368 335
345 364
400 322
145 72
263 145
340 279
422 422
489 422
409 257
114 178
230 476
409 219
161 292
78 341
312 83
88 500
17 92
331 339
213 324
370 142
131 182
490 100
99 299
128 379
437 421
316 499
312 200
183 61
190 190
445 102
56 232
297 452
310 180
268 162
416 250
24 210
42 431
397 24
478 154
38 81
491 184
76 45
82 42
38 372
402 496
445 67
367 258
262 118
402 268
324 213
2 389
483 17
491 448
312 31
282 219
331 249
339 417
444 373
333 93
18 492
495 19
28 395
98 364
86 242
171 172
85 11
308 33
337 116
497 171
223 83
247 165
136 118
86 356
252 482
214 237
496 30
153 493
347 248
369 171
7 7
395 447
432 354
250 104
186 112
3 333
450 406
296 466
458 421
335 320
478 172
142 430
495 426
273 273
11 75
429 11
312 381
268 499
396 7
260 235
262 389
187 31
275 244
227 109
257 297
327 398
106 70
26 152
344 242
213 341
46 423
186 493
346 362
256 377
393 421
250 9
276 95
202 173
4 375
200 412
44 9
310 119
345 32
324 341
273 34
336 124
53 262
109 311
187 251
359 307
296 459
277 121
446 17
216 202
135 436
460 60
160 217
176 48
471 159
334 143
146 367
101 268
226 380
446 489
121 336
280 71
463 273
323 237
232 151
175 122
451 379
334 209
81 280
297 16
438 180
149 243
425 246
444 260
394 222
174 431
318 102
357 272
310 208
195 290
493 480
145 156
105 291
184 89
194 51
451 327
214 348
26 412
375 287
65 344
452 206
434 258
30 79
340 308
87 390
120 72
73 212
5 1
319 370
118 492
126 34
23 354
209 472
362 227
177 359
372 263
55 165
288 186
219 295
301 321
205 319
434 215
380 181
119 16
69 108
322 489
112 183
412 128
127 328
116 175
159 157
437 394
216 63
462 242
126 440
241 93
451 90
424 282
73 312
328 439
240 298
287 1
125 213
451 161
217 237
427 383
105 231
360 290
390 7
51 493
36 275
441 448
222 220
472 319
134 73
436 232
260 210
8 59
387 92
154 4
232 255
485 148
297 162
353 35
102 271
255 380
41 290
377 86
130 116
241 236
304 349
484 459
58 90
189 216
75 406
257 479
318 223
364 15
324 478
319 144
265 8
403 175
226 51
18 250
447 388
415 364
329 474
196 484
168 370
435 162
427 59
465 72
331 435
253 74
439 54
87 404
469 276
104 427
58 351
233 92
257 79
432 366
177 43
266 345
229 68
310 193
317 317
372 175
59 80
317 28
361 496
168 430
60 278
44 32
110 240
292 433
202 227
409 456
458 397
306 335
483 192
46 371
64 203
466 359
165 55
308 440
152 386
206 208
335 298
170 203
316 366
200 292
391 66
334 457
81 175
454 200
127 40
144 127
37 296
42 387
9 34
162 438
118 127
184 414
225 419
180 354
192 476
161 381
89 47
71 486
320 434
428 273
330 212
438 206
131 115
128 187
283 397
174 338
26 423
449 444
267 463
69 301
347 305
115 204
139 329
20 107
51 419
191 252
169 434
312 133
95 356
375 179
251 163
435 295
421 48
64 232
118 136
307 487
275 52
427 491
403 239
468 416
24 498
477 159
213 179
101 123
313 3
28 150
193 339
396 183
145 81
85 5
268 193
321 69
14 368
233 422
11 391
313 162
46 251
397 115
73 443
304 232
444 108
390 181
213 78
298 352
187 83
311 120
283 39
326 399
219 417
175 109
448 98
468 9
182 336
191 356
249 282
140 11
445 238
75 360
397 283
213 429
242 261
359 359
327 58
384 296
398 270
151 225
238 67
17 82
248 453
431 234
437 235
291 396
343 470
437 286
110 306
212 379
133 455
297 310
425 191
54 328
171 171
113 31
161 113
347 111
475 219
55 405
381 272
489 320
28 177
299 480
372 189
297 435
346 311
201 464
488 130
241 366
443 455
177 484
198 431
285 447
61 61
391 324
487 395
467 115
106 336
75 5
133 165
91 255
381 318
37 305
463 416
141 187
279 340
127 491
345 266
259 191
448 415
83 55
363 228
10 360
264 421
319 261
380 61
3 12
200 445
309 309
267 308
126 490
137 199
123 282
193 456
269 63
27 85
128 67
15 463
455 187
345 415
164 176
283 393
300 410
292 327
30 479
231 485
5 324
316 339
114 57
252 65
289 367
76 108
440 468
411 403
442 150
411 175
407 262
315 188
313 456
1 254
200 381
114 306
231 194
499 13
432 295
270 83
278 285
71 494
457 410
25 285
195 294
308 15
348 263
419 56
263 280
219 432
89 126
213 41
144 457
63 145
366 257
144 142
395 243
273 44
325 83
446 374
378 317
208 297
340 44
216 227
476 230
182 106
388 459
409 193
394 467
256 365
354 331
129 474
278 447
349 288
193 16
278 177
394 393
487 460
274 79
52 52
6 6
192 114
68 439
354 12
379 330
477 107
168 168
294 172
348 116
262 8
323 156
170 304
249 297
12 417
313 339
300 276
417 16
488 269
463 33
46 141
147 459
47 491
165 312
472 462
159 99
179 66
90 102
488 71
374 201
157 129
357 163
466 388
197 479
21 450
115 437
456 331
165 386
145 263
257 93
122 337
363 154
134 31
109 145
483 303
3 30
344 95
141 46
383 441
352 42
70 301
318 412
327 134
220 24
176 286
146 233
74 486
74 280
332 392
279 47
335 489
26 238
122 488
65 334
408 217
98 413
119 339
292 141
316 23
308 98
475 361
286 131
294 195
99 148
343 349
28 384
215 483
85 195
433 379
85 369
455 67
287 473
99 419
21 140
144 117
156 346
245 293
451 445
407 33
156 74
341 450
391 290
18 267
131 336
308 308
415 490
161 102
211 407
239 263
464 82
335 399
362 253
456 206
381 90
114 464
226 158
1 195
52 300
189 71
70 449
192 240
377 88
448 302
125 5
321 336
408 155
288 380
445 31
377 94
310 309
5 10
280 189
249 333
93 452
122 202
172 290
453 484
149 315
428 34
13 353
50 185
286 124
427 439
198 198
273 492
21 125
303 338
375 27
196 296
100 59
412 200
445 134
385 64
416 89
64 87
61 231
190 30
156 202
190 295
25 19
462 275
290 97
176 124
35 193
370 430
164 235
128 357
161 161
283 421
369 97
256 86
63 382
451 423
291 112
302 98
97 1
399 326
396 105
353 331
52 342
443 31
408 348
379 113
133 318
176 421
469 300
428 229
345 33
321 301
134 90
119 420
260 70
97 27
419 470
25 43
16 354
421 321
274 241
331 162
112 20
382 486
325 423
73 185
8 8
41 21
145 376
194 139
47 47
339 84
13 180
452 409
258 240
27 5
434 446
439 267
64 51
159 390
335 22
446 352
203 226
491 126
63 237
45 210
243 60
403 63
188 25
105 157
492 439
438 79
160 207
226 232
65 276
169 358
238 423
493 474
102 58
440 15
177 177
422 306
337 71
411 337
420 162
338 14
200 405
71 263
362 216
84 313
64 231
455 445
172 41
272 398
312 412
108 77
226 148
21 293
443 161
497 363
309 409
482 344
