500 1609
464 322
486 116
334 294
405 310
154 154
281 16
185 15
289 289
176 289
96 422
341 341
335 74
479 479
133 442
340 304
394 351
81 347
378 37
325 131
210 425
211 191
422 426
78 78
378 172
22 159
271 82
365 345
352 64
202 233
32 302
177 177
256 210
183 400
182 63
280 407
28 390
484 57
462 29
76 76
243 267
397 397
283 40
477 191
252 40
337 29
444 444
294 183
297 368
136 429
96 426
122 249
310 205
350 287
370 370
378 378
307 35
344 138
257 76
282 226
368 328
118 100
53 53
296 308
54 268
70 142
281 119
193 322
9 225
254 254
458 15
145 75
474 242
287 103
232 169
99 99
318 261
15 185
151 410
78 342
469 58
192 379
390 166
100 100
192 312
461 405
473 364
464 475
416 386
208 373
368 345
265 194
344 258
466 466
150 473
378 448
470 412
122 471
453 400
42 337
14 421
408 408
391 349
94 358
292 317
497 497
414 489
350 65
230 433
189 186
26 175
409 7
80 429
203 427
430 430
204 497
307 307
315 8
35 348
436 23
328 423
231 36
334 400
23 393
93 270
338 243
375 467
36 154
470 123
458 192
240 466
183 500
168 352
370 67
187 487
390 18
182 428
158 411
247 247
185 312
372 238
115 8
355 320
30 487
155 155
5 430
364 150
169 366
434 84
314 28
385 69
297 435
75 170
43 43
135 316
8 288
123 322
429 375
116 147
472 141
306 444
266 12
32 170
288 359
407 407
248 335
327 35
72 336
400 262
215 425
148 217
443 496
250 250
291 476
109 340
28 18
298 93
477 273
239 104
338 221
55 445
238 104
477 99
176 255
103 157
134 415
200 330
235 235
83 83
113 242
96 170
18 28
446 213
127 139
82 1
119 119
329 398
232 97
368 447
10 436
95 133
425 263
34 209
261 410
349 349
157 341
362 251
63 374
125 227
125 395
497 204
232 60
215 482
166 494
382 140
84 84
172 448
328 297
130 198
365 435
69 385
262 400
47 455
374 182
263 121
399 309
251 251
376 94
194 283
64 352
191 21
53 400
330 214
61 348
98 236
256 13
20 366
129 324
454 54
338 267
387 39
5 371
421 265
235 110
52 52
410 80
471 196
122 196
461 310
13 276
199 461
45 50
30 44
253 94
136 375
318 318
130 378
480 362
273 185
456 359
357 247
79 135
44 30
63 428
490 445
269 325
324 129
251 313
360 425
24 184
46 269
135 420
459 409
379 192
238 50
191 414
40 421
313 113
109 227
78 108
479 134
53 334
359 359
153 234
150 201
54 242
333 114
127 210
183 53
275 269
380 389
350 85
309 33
383 17
454 343
86 355
120 396
376 430
89 56
350 260
23 23
39 336
325 61
217 148
390 264
74 335
18 18
109 162
427 427
171 281
101 441
413 120
111 358
138 426
59 72
378 319
426 344
481 481
197 31
224 224
382 339
360 263
74 74
208 359
485 485
212 314
39 112
104 104
117 211
55 272
139 263
187 457
222 141
359 373
124 290
198 433
126 195
333 333
234 153
129 62
98 99
264 18
105 241
335 484
117 337
373 208
221 243
362 434
404 381
248 165
225 487
110 87
87 452
480 41
216 210
161 161
269 61
330 363
453 294
193 240
283 14
308 308
146 307
439 141
357 122
249 471
355 86
297 328
292 58
308 296
121 492
60 286
310 461
478 22
144 485
249 196
260 287
493 284
414 401
234 329
350 341
262 453
178 377
485 351
40 252
446 89
227 109
229 158
477 477
94 376
97 232
96 75
464 464
483 431
131 348
131 46
332 332
276 48
67 69
128 307
417 417
480 84
28 314
142 163
56 56
427 203
410 410
95 442
391 187
411 60
241 375
112 72
208 315
57 248
78 17
455 455
308 214
44 487
196 451
188 70
275 46
461 461
75 432
299 278
23 4
229 102
62 465
7 459
83 153
464 406
377 487
396 139
288 305
222 483
375 285
400 400
337 299
487 225
149 128
76 27
40 283
312 379
426 96
101 101
338 220
211 495
300 300
454 242
10 393
270 270
182 182
330 456
310 199
19 19
384 281
289 255
55 430
51 37
11 11
361 480
249 247
284 4
297 423
447 328
313 84
313 402
342 342
211 489
198 198
430 376
367 479
218 455
296 25
481 122
10 284
163 163
280 38
252 265
8 305
489 477
397 413
292 266
169 331
475 193
474 54
79 140
482 127
211 21
376 55
161 445
385 26
108 179
177 362
195 126
500 400
437 99
371 55
147 455
340 91
408 272
100 440
478 235
102 102
390 212
260 65
480 480
276 13
459 416
438 29
288 8
89 446
372 50
302 138
17 179
426 432
437 437
409 386
304 340
142 197
246 246
309 399
260 85
325 43
374 63
131 325
30 391
164 160
437 236
231 154
276 256
152 147
137 233
250 100
304 304
1 335
391 391
453 262
121 360
327 128
262 334
370 254
7 416
458 185
460 130
263 482
364 88
328 435
442 133
270 141
184 24
297 365
380 216
16 119
294 262
81 202
278 337
220 221
354 354
41 361
20 20
462 117
128 35
43 325
451 357
159 403
473 201
115 305
417 97
107 172
92 92
290 124
168 168
60 158
485 144
57 335
455 47
68 369
36 36
452 159
360 210
139 396
85 350
183 183
23 35
56 446
351 394
271 427
112 112
45 238
190 260
445 331
86 86
493 422
34 70
217 126
309 309
94 408
46 325
291 240
475 406
271 203
6 470
47 152
368 207
72 387
317 292
4 2
460 112
392 351
41 84
331 20
438 42
296 214
480 313
49 239
173 173
336 387
456 301
272 430
417 232
103 10
228 161
442 431
126 126
349 178
205 205
425 210
16 384
391 68
92 214
200 363
229 229
247 122
322 6
465 129
433 206
345 297
427 498
384 16
268 397
195 217
35 128
452 22
476 476
261 86
232 118
455 116
258 344
50 239
258 32
67 67
441 168
182 189
156 243
289 209
470 475
23 10
354 495
50 45
134 367
88 155
358 5
15 192
219 219
198 206
492 492
274 63
103 107
427 438
467 105
419 12
302 75
11 79
444 237
84 362
208 288
194 40
61 131
29 299
55 408
433 291
232 232
188 163
412 475
478 167
447 423
278 462
279 440
388 57
130 336
268 120
473 224
100 250
277 116
72 112
292 469
45 104
221 156
335 248
73 56
189 182
70 188
298 472
349 187
50 174
344 96
395 483
334 500
452 167
182 274
238 239
178 178
175 364
202 81
333 216
21 401
177 251
361 84
315 305
457 457
34 163
313 313
323 323
438 438
207 423
254 496
276 389
46 275
476 206
301 456
395 439
246 226
236 98
450 14
147 47
494 390
341 260
255 289
209 407
62 324
482 482
410 261
443 367
480 418
387 112
148 148
415 479
217 217
369 187
443 134
68 9
152 455
74 484
242 242
299 29
464 123
419 292
295 295
322 470
441 101
227 91
415 415
381 494
476 356
394 144
396 492
272 55
58 58
121 121
380 232
260 350
124 149
6 193
37 51
321 155
435 328
176 38
357 357
289 280
98 219
177 402
344 32
323 19
132 90
262 446
144 144
289 176
358 111
36 231
178 187
8 373
460 491
469 419
34 188
253 358
375 52
302 145
58 266
71 398
439 298
494 28
220 431
474 113
219 98
131 131
218 147
239 49
163 188
55 94
160 160
22 403
71 71
106 106
297 207
19 234
252 450
259 389
198 291
320 355
423 435
251 362
346 24
158 245
98 437
345 365
48 276
140 135
305 315
183 334
410 318
279 100
127 121
103 85
187 349
132 132
80 410
427 82
10 23
340 227
465 293
162 91
350 106
273 273
300 271
3 246
103 260
488 239
173 456
441 441
74 1
89 89
181 462
425 121
306 237
381 18
238 238
119 384
447 297
416 459
462 42
461 205
164 19
21 477
52 467
346 157
483 298
19 160
381 381
272 253
76 244
53 294
207 207
166 264
433 476
168 385
462 299
299 337
304 109
199 310
398 398
263 263
448 172
90 352
2 77
274 186
11 420
474 303
225 225
228 181
367 415
397 4
468 143
162 109
153 83
27 244
319 378
154 36
396 210
262 500
214 25
188 142
471 249
266 424
419 419
175 26
355 363
226 397
138 422
416 416
442 442
37 448
258 75
448 51
240 240
215 210
311 396
244 257
218 486
177 219
245 245
157 190
192 192
478 478
107 341
402 418
114 114
5 253
122 481
117 117
498 78
290 169
49 372
286 286
118 250
114 389
197 188
411 102
124 124
321 411
447 435
382 316
422 493
28 28
127 425
445 445
243 338
485 394
120 120
83 234
443 415
153 398
452 452
401 401
487 349
406 6
111 111
303 454
26 67
148 126
272 408
99 236
80 151
198 476
120 413
233 129
300 13
446 446
484 165
348 275
319 172
321 321
184 184
160 19
83 71
75 258
206 206
498 427
113 454
130 130
416 409
235 167
452 110
121 127
352 352
477 211
221 221
334 300
200 200
375 136
257 257
101 491
302 493
34 31
412 406
38 255
413 413
21 414
4 4
481 196
364 473
116 486
475 470
419 424
298 141
29 438
482 360
381 404
350 350
62 137
424 266
446 73
129 129
157 103
495 495
139 139
363 330
172 51
287 65
167 22
428 274
174 50
395 125
179 78
480 434
103 65
269 348
278 42
317 58
220 220
450 283
449 208
264 494
494 404
90 132
356 291
274 182
255 38
439 439
446 56
201 150
436 10
186 189
454 113
488 488
73 213
380 259
66 462
319 51
353 49
336 59
130 59
206 59
18 124
410 151
250 118
425 311
162 162
189 63
115 115
415 496
286 229
94 371
297 345
484 335
389 380
418 313
444 332
137 137
250 440
475 464
151 318
215 311
111 55
34 34
334 329
41 41
454 474
388 388
179 221
10 248
308 92
3 282
258 145
283 421
213 73
157 157
415 367
478 403
59 336
204 204
393 393
26 385
408 55
328 447
139 425
186 182
29 117
33 123
387 491
323 160
264 212
199 405
490 490
145 96
233 347
209 38
90 90
106 287
57 165
193 123
386 7
39 460
311 263
301 416
173 301
116 152
361 434
110 22
202 324
68 30
403 478
109 91
244 27
21 191
321 102
5 358
177 434
107 103
166 314
347 81
113 303
456 433
187 369
324 62
292 12
188 197
398 83
432 422
263 425
483 439
372 45
464 470
44 68
475 322
174 45
253 430
265 40
41 434
378 51
13 13
89 73
193 412
477 220
330 200
147 152
497 352
103 350
114 216
410 67
314 166
2 468
38 209
167 159
102 411
34 142
87 403
197 259
169 20
235 87
356 230
64 132
100 118
10 4
454 497
258 258
255 176
107 190
429 285
234 71
14 450
105 285
426 493
381 314
447 365
32 493
346 184
222 93
415 443
436 436
12 424
151 151
54 454
106 157
158 60
235 452
69 67
257 102
260 157
183 262
53 453
62 202
410 444
73 228
57 388
209 255
149 290
6 123
439 472
364 224
84 480
207 447
31 31
202 202
264 28
416 408
124 150
142 142
295 386
337 193
454 476
1 484
237 444
234 398
328 207
342 66
267 338
192 185
497 499
224 150
411 229
229 321
463 463
77 143
307 128
375 429
241 241
282 3
166 166
450 252
488 45
54 303
419 57
47 116
68 187
478 452
419 266
403 235
432 96
222 472
115 359
425 360
386 459
282 282
357 249
424 469
401 489
429 499
25 25
308 25
454 303
270 24
389 259
22 452
146 16
171 145
467 136
283 283
436 393
116 47
273 312
491 39
61 269
300 232
71 83
283 265
295 416
385 67
496 417
227 291
218 218
178 349
407 280
344 302
394 394
143 468
344 493
211 401
110 159
329 71
59 130
236 437
109 99
234 83
451 451
429 136
463 214
402 41
218 277
11 382
85 190
109 109
280 289
32 138
315 115
492 360
499 497
332 166
223 411
317 282
452 478
157 106
241 105
345 435
238 353
484 248
367 367
430 358
126 217
298 125
166 390
64 90
215 139
257 27
6 6
192 15
188 188
82 203
420 316
458 273
192 273
71 153
241 467
453 334
17 383
237 302
171 16
372 411
355 355
395 472
402 402
246 282
339 11
70 34
66 76
325 348
194 118
47 147
396 360
290 344
143 77
70 197
27 27
239 372
421 194
17 17
281 146
47 218
482 263
416 361
438 278
19 164
317 419
229 223
479 367
326 1
21 489
88 88
422 75
456 473
105 150
349 225
175 175
357 451
479 231
313 41
33 33
358 272
263 492
348 131
327 254
45 488
322 475
335 1
91 109
203 498
320 320
71 309
119 171
25 339
341 106
254 370
5 94
80 261
380 114
223 158
413 268
138 96
366 51
325 325
220 338
114 380
150 224
230 476
140 420
98 98
226 226
351 392
13 48
116 277
345 207
383 108
379 379
93 395
436 284
63 186
466 240
495 354
472 439
106 260
426 170
386 409
391 44
423 297
341 287
28 404
447 207
37 172
35 307
206 356
141 439
81 465
272 376
337 337
146 146
91 91
457 487
287 341
194 14
279 250
187 391
81 62
202 293
330 169
361 418
329 329
300 97
17 78
210 215
482 396
138 493
389 216
168 101
83 340
444 306
469 424
294 294
52 241
438 337
59 39
350 157
242 343
386 416
314 390
493 75
115 208
298 395
14 265
493 426
108 78
431 133
425 139
468 2
414 414
48 13
76 257
100 279
332 28
62 233
292 419
209 280
145 422
268 413
486 47
465 233
161 181
399 33
481 451
44 370
267 221
485 392
175 69
54 54
73 89
67 175
397 268
128 128
189 374
163 34
386 326
405 456
123 470
130 72
220 267
424 58
186 63
166 332
422 258
119 16
272 111
411 286
422 145
466 184
255 280
174 49
192 161
189 189
474 343
456 456
295 459
291 291
475 412
196 471
18 264
164 323
373 115
359 288
286 158
334 262
214 308
135 382
363 363
388 484
375 430
376 408
414 477
112 460
426 302
462 438
316 140
106 350
56 73
317 12
117 438
249 481
219 99
210 396
287 107
32 426
159 478
40 194
247 451
118 118
185 273
187 44
236 99
5 408
43 348
224 364
212 166
356 356
339 140
347 233
183 453
397 120
168 255
409 409
389 29
248 57
459 386
407 289
463 296
28 494
288 115
326 416
316 339
365 423
222 125
79 382
66 342
198 230
440 279
476 198
252 252
240 346
296 296
316 382
179 179
65 341
242 54
228 228
418 361
91 340
365 207
180 426
500 228
13 256
188 31
137 347
458 379
126 148
131 43
145 302
345 368
387 72
430 55
227 340
326 221
136 467
51 51
212 390
