1000 3449
877 276
987 501
465 571
345 779
402 179
475 67
917 40
431 810
52 173
919 875
235 235
781 155
852 641
490 897
721 829
104 565
87 421
175 741
517 741
442 500
838 698
647 501
339 431
842 731
200 62
459 862
115 538
168 587
497 754
87 243
835 344
138 829
973 961
216 190
84 84
366 419
754 749
562 562
365 536
838 188
968 563
774 467
432 873
741 739
768 324
843 894
933 135
732 572
80 685
668 1
260 411
601 123
77 566
666 171
691 985
563 998
286 242
906 625
323 819
109 604
98 393
473 327
57 787
480 928
151 293
834 54
856 406
509 160
303 880
656 9
165 607
174 675
403 548
947 718
527 951
600 869
160 275
544 40
453 280
807 536
549 897
320 348
867 111
97 866
501 501
857 829
582 966
677 677
699 284
86 424
468 926
703 566
552 158
304 767
240 197
907 962
121 159
336 886
902 814
719 190
792 568
579 619
1 76
108 610
963 26
133 607
537 741
858 332
223 113
547 603
44 531
234 24
877 109
131 946
220 178
755 464
49 917
243 68
780 491
923 595
20 872
523 626
595 74
34 102
725 657
459 891
772 325
417 458
411 324
972 74
924 90
309 696
182 97
744 223
527 236
955 57
188 592
540 782
989 609
118 363
233 417
285 285
175 660
486 423
545 545
970 875
632 411
331 291
386 386
882 314
866 455
988 102
615 357
786 174
284 967
769 610
19 708
257 257
224 338
780 116
752 167
684 985
44 44
337 337
553 480
685 5
30 682
868 166
910 661
523 978
514 710
577 676
676 864
3 209
437 753
465 638
648 780
740 740
738 401
565 752
225 564
478 775
290 628
603 247
390 658
467 103
414 56
406 179
445 445
571 261
225 264
738 915
233 153
958 246
486 312
776 170
968 597
449 174
854 145
35 276
829 514
931 931
207 97
878 614
337 271
623 974
365 18
85 471
134 130
119 967
409 895
762 373
920 322
254 410
27 6
303 502
924 490
401 229
269 31
540 674
833 452
63 914
249 178
46 46
342 618
924 775
448 236
485 240
773 189
426 281
698 592
271 806
227 847
835 600
820 848
609 369
766 919
785 96
199 39
768 651
78 628
937 925
437 627
619 183
398 541
393 402
641 406
313 63
880 303
708 731
442 469
311 97
33 32
685 685
517 528
156 516
435 193
562 360
51 428
987 987
286 497
168 418
228 589
785 161
463 836
259 70
654 654
154 387
854 339
544 127
895 922
407 507
426 724
280 327
410 410
346 938
479 30
401 401
818 975
987 191
889 286
705 942
575 945
254 254
970 970
465 274
890 920
626 194
317 504
179 832
114 439
221 202
238 102
68 87
426 525
395 159
80 354
261 47
190 793
226 207
163 330
39 331
957 504
60 57
95 671
838 734
535 636
441 445
64 921
495 495
700 191
995 995
223 649
625 980
465 443
103 278
20 569
610 146
854 431
537 175
595 972
524 981
220 942
546 216
871 437
735 316
109 81
536 66
670 515
237 207
365 29
363 809
687 652
911 816
964 153
355 358
612 363
172 965
156 882
918 252
127 659
872 674
329 16
908 592
884 543
174 313
20 520
948 989
178 178
91 248
183 619
809 541
776 731
537 517
367 14
932 910
444 571
932 951
892 545
687 725
958 155
471 563
86 816
940 284
541 317
203 875
816 621
672 930
594 580
524 521
321 578
26 191
877 35
165 866
766 970
475 723
93 93
725 652
706 550
590 659
751 939
133 180
37 242
726 334
247 134
790 790
929 313
329 136
798 738
668 280
203 651
644 681
830 843
690 804
582 336
41 375
540 142
182 182
28 352
456 994
477 115
296 296
245 560
847 847
399 545
97 796
859 914
706 706
211 111
837 558
379 997
376 847
621 811
59 59
981 521
698 325
710 345
108 651
797 336
611 662
849 849
757 277
658 72
991 622
325 592
699 222
467 467
305 720
961 853
27 292
53 697
258 24
179 852
104 167
281 258
28 28
70 335
186 532
39 25
405 27
521 521
558 573
738 364
374 176
357 615
804 783
289 921
571 443
602 360
462 736
175 528
297 125
727 273
116 331
748 552
87 336
757 474
994 994
236 529
776 634
118 118
611 278
9 97
932 835
22 774
17 17
699 576
205 78
435 722
258 751
898 898
356 356
868 337
803 865
281 427
127 733
290 907
479 682
759 859
473 688
957 118
197 851
593 720
103 611
724 258
402 852
193 149
610 143
642 75
813 824
591 852
716 876
617 507
525 281
625 977
411 146
894 825
538 543
716 820
112 980
96 984
476 483
786 556
858 867
988 238
247 429
320 679
815 901
954 633
940 578
878 123
297 987
477 655
738 687
166 728
147 164
872 23
526 83
751 281
359 186
537 660
119 588
625 269
123 123
611 611
384 384
119 466
269 112
208 296
590 917
347 371
170 67
895 106
554 275
126 352
303 691
669 805
548 403
967 938
230 438
276 672
498 843
919 766
622 994
662 774
302 64
431 145
936 21
254 354
156 683
265 791
528 660
96 785
847 82
212 884
28 230
423 486
544 733
70 322
866 180
51 218
235 106
70 693
466 321
970 651
191 883
845 328
351 953
613 358
790 207
987 125
578 321
414 600
403 263
598 584
220 947
670 846
434 495
933 329
502 684
833 833
461 934
69 235
52 132
431 990
284 712
221 846
812 129
387 874
714 905
739 396
698 245
544 195
513 513
573 487
169 124
948 11
995 825
586 662
456 622
893 611
849 319
303 985
778 219
728 960
261 58
570 483
252 816
285 102
968 312
8 601
450 705
774 928
625 112
243 888
494 643
199 25
316 440
890 764
934 337
894 986
981 400
213 213
299 299
289 197
704 853
944 241
304 1000
811 640
307 43
795 716
193 30
898 216
67 723
524 524
669 154
12 876
946 518
518 469
873 367
833 728
453 13
992 489
192 930
939 157
136 251
484 834
767 71
857 857
373 256
314 870
907 205
997 350
74 74
252 86
361 822
379 446
883 493
712 346
415 510
541 612
286 608
987 700
496 927
375 196
360 653
587 702
647 297
316 726
454 804
450 947
413 735
646 265
229 798
362 948
12 15
10 393
965 502
226 165
860 181
644 533
231 715
667 581
796 165
791 476
151 890
393 591
474 693
409 69
697 349
538 655
739 517
584 577
733 544
391 391
776 67
734 188
570 812
505 948
764 539
482 246
76 204
422 534
191 987
580 716
168 21
230 230
494 817
148 479
402 639
462 193
279 835
179 406
395 707
527 532
40 40
187 241
397 480
490 924
588 576
20 273
995 756
416 19
956 214
827 853
533 885
492 148
316 415
863 84
110 345
375 694
910 279
923 923
592 592
285 96
524 340
174 786
446 874
89 662
245 838
891 301
915 798
61 847
128 306
781 454
809 317
167 52
60 60
464 383
567 320
55 889
850 176
859 174
817 512
903 742
232 140
970 108
758 306
897 432
229 992
253 253
833 960
958 341
972 824
511 511
765 140
867 606
852 402
702 168
505 990
44 293
149 435
590 257
708 67
393 641
380 688
13 327
911 624
1 280
869 600
724 701
750 144
278 928
767 224
451 546
754 286
459 459
769 766
731 19
702 900
397 103
14 214
471 381
925 925
121 993
819 444
269 269
693 474
148 7
506 466
214 873
483 570
69 561
910 236
27 949
878 361
251 16
183 579
333 292
813 5
227 61
561 745
745 561
555 301
92 973
461 730
899 779
182 311
854 989
343 921
322 757
249 447
802 241
645 655
796 607
410 685
850 870
769 146
456 162
291 840
120 178
958 262
571 819
391 949
76 412
876 818
283 534
849 885
387 805
826 827
130 547
556 313
783 690
515 589
607 796
328 54
308 308
573 837
648 331
31 31
704 572
117 396
574 785
660 517
395 773
954 927
666 524
75 266
958 781
86 811
450 942
615 866
351 616
387 379
936 900
634 982
844 846
291 116
366 366
934 271
162 509
684 965
509 162
930 59
683 850
630 595
528 741
209 661
911 263
827 704
8 361
586 94
811 58
248 248
440 415
828 209
285 218
729 62
860 12
417 711
512 201
133 165
591 464
18 983
375 535
92 826
2 326
663 322
307 728
13 1
730 909
468 680
183 84
215 215
971 182
852 4
194 523
25 34
604 877
942 120
468 874
200 376
616 596
594 787
674 569
252 382
820 820
118 45
337 561
771 185
639 591
227 673
363 957
569 540
87 966
600 414
882 156
197 616
767 635
26 493
849 644
695 479
40 917
442 518
799 661
519 176
275 991
70 386
658 8
744 649
973 704
424 880
566 197
68 68
100 575
47 47
389 51
532 799
83 530
418 168
364 364
172 424
132 439
130 130
236 344
566 703
110 710
763 239
32 33
243 87
331 331
9 357
697 210
124 618
189 189
473 250
630 863
809 42
513 674
824 74
85 312
113 867
299 302
668 737
68 306
782 272
161 51
157 404
42 266
580 795
873 490
884 356
919 411
143 800
997 407
171 666
178 420
540 569
696 977
243 582
682 736
309 269
959 264
323 571
383 393
764 531
407 669
595 813
78 750
466 346
23 273
274 444
856 832
338 224
66 807
887 887
370 136
355 692
709 793
357 133
756 316
212 115
130 452
832 402
550 470
50 918
870 519
56 414
713 600
990 145
973 853
339 505
728 728
659 740
140 802
262 408
764 470
258 701
89 397
975 955
641 179
353 969
880 424
720 305
485 950
47 444
644 849
912 360
424 329
610 875
454 246
701 761
384 309
382 918
711 964
744 113
817 201
875 79
139 111
805 997
563 471
985 424
442 442
881 125
839 453
845 371
762 304
466 466
404 234
733 917
504 784
800 511
883 191
509 509
11 377
661 3
152 152
138 459
701 525
162 162
90 956
166 461
568 770
938 425
192 109
5 5
281 761
604 81
554 622
673 61
402 641
989 948
892 704
966 582
222 712
538 212
334 510
806 43
395 121
474 474
962 794
177 821
368 705
421 886
596 64
619 217
831 500
912 244
989 505
283 869
372 868
671 904
969 159
276 35
856 639
946 946
260 324
662 928
733 49
320 152
108 416
491 648
129 945
504 317
773 121
35 672
397 774
639 402
844 401
871 817
305 593
830 995
336 128
198 189
882 850
865 950
467 107
411 769
756 995
511 324
879 960
605 484
451 190
529 527
18 241
786 675
65 519
121 395
804 690
525 258
618 620
558 558
898 190
608 503
818 693
174 499
22 553
431 561
388 268
376 439
916 379
925 244
290 794
860 848
868 43
417 964
588 699
756 825
124 943
118 957
198 198
810 369
935 823
922 745
786 93
435 462
281 426
362 377
735 298
922 561
881 191
960 833
870 850
929 859
119 425
166 730
563 312
453 2
721 779
823 698
827 572
854 810
411 438
562 821
708 170
507 896
912 821
270 409
69 270
804 341
288 986
61 61
229 519
514 514
949 476
514 301
814 425
293 531
816 635
303 965
361 8
791 6
21 979
622 160
34 161
517 396
440 316
230 631
342 124
452 32
916 617
199 291
704 732
298 726
640 811
387 896
310 427
277 757
668 204
404 761
96 218
523 905
427 310
624 263
3 448
539 764
531 539
33 603
162 160
447 420
816 385
367 549
978 366
307 307
273 513
495 185
408 262
893 836
488 711
172 985
758 966
947 447
125 191
417 927
496 633
471 312
457 485
579 598
371 845
322 70
976 976
97 455
900 931
591 406
479 149
88 53
237 866
781 262
787 860
56 422
960 960
646 978
449 449
983 187
680 206
555 710
160 160
79 324
267 978
77 351
112 625
47 323
126 232
224 91
268 136
982 740
723 776
835 472
980 980
657 798
841 956
44 151
669 874
416 842
101 118
808 117
765 944
413 413
810 609
97 311
714 626
310 157
973 399
143 260
407 617
665 579
342 295
395 969
152 679
910 799
597 678
674 23
772 698
960 868
721 514
107 89
89 676
876 716
431 948
962 205
610 651
17 54
746 238
34 218
63 174
477 852
346 506
934 806
283 600
147 318
363 398
895 895
972 972
537 528
808 175
162 275
6 949
973 572
494 201
58 911
610 768
257 544
595 863
241 18
763 749
741 808
729 439
352 352
516 850
719 460
689 235
960 909
11 810
559 920
181 594
811 252
997 468
94 467
530 83
727 727
90 490
1 380
771 959
836 89
313 499
945 483
851 703
608 763
824 5
366 267
551 470
934 730
665 577
316 510
703 803
948 362
268 82
672 35
277 651
877 877
123 390
716 716
315 504
800 875
490 90
487 296
938 346
797 966
750 205
179 591
496 153
45 642
275 554
322 904
198 901
614 996
392 534
309 384
75 809
694 147
707 159
10 639
308 57
356 212
696 696
108 203
610 919
76 76
930 109
800 79
718 705
24 427
208 570
170 708
666 521
890 890
664 440
182 790
177 177
935 592
846 213
708 416
389 102
424 965
947 677
677 718
435 880
194 714
762 762
993 815
282 564
914 556
858 111
508 307
271 307
650 171
332 211
614 658
428 428
882 519
162 622
442 623
27 791
360 602
757 693
511 875
9 615
202 970
502 691
618 124
66 802
594 60
264 564
398 784
389 218
145 369
844 749
113 649
329 255
555 891
213 589
886 595
645 814
37 37
786 786
71 71
349 53
142 221
971 971
228 846
798 364
5 923
34 984
77 289
761 24
449 93
863 5
863 813
816 50
81 59
62 114
423 563
707 969
312 743
897 367
680 680
50 621
126 126
483 100
500 946
740 127
717 953
733 40
861 965
357 522
138 110
172 684
778 122
660 741
667 122
703 616
334 440
859 859
520 520
361 601
566 299
853 92
13 668
441 340
257 629
928 94
671 95
760 301
65 83
119 712
1 453
617 680
447 38
710 956
272 674
920 293
78 962
132 167
408 482
336 243
18 187
366 978
147 636
293 151
778 552
510 726
713 542
909 461
359 279
160 991
245 823
553 662
461 868
230 28
134 247
871 855
254 685
816 624
300 924
256 635
176 850
6 292
1 172
860 876
399 827
265 646
243 421
912 394
139 332
29 365
227 227
750 628
967 712
349 210
296 837
466 506
97 105
336 306
493 191
49 544
393 179
282 959
412 688
109 35
755 10
192 35
784 642
938 967
431 505
333 791
134 33
579 676
996 361
905 905
638 819
967 346
943 295
340 441
681 644
695 492
766 79
249 368
54 801
880 965
269 625
396 741
764 890
139 867
223 211
563 381
227 370
647 26
281 724
840 491
581 552
796 237
845 484
478 367
670 202
947 947
17 122
686 201
994 991
686 643
771 585
585 282
774 94
901 159
715 294
419 194
702 979
101 784
508 508
463 278
346 967
525 310
223 744
806 372
876 580
584 579
577 84
618 943
548 252
865 485
329 370
633 488
854 466
817 494
748 484
2 737
261 465
809 809
488 686
82 933
926 387
505 145
15 15
233 36
461 960
89 586
625 309
615 237
423 968
108 800
810 854
541 642
713 414
567 567
264 185
59 81
798 915
177 937
6 476
603 134
586 103
888 201
122 801
726 510
134 452
594 955
971 656
164 164
58 252
631 230
22 893
214 956
589 228
718 120
778 328
367 214
918 640
101 612
393 4
288 248
281 404
704 704
576 506
769 411
190 898
678 998
967 578
22 586
593 593
334 415
951 799
38 942
110 301
131 500
816 640
261 676
894 498
43 960
390 123
285 988
876 795
668 2
636 147
60 848
481 719
914 499
487 573
579 864
143 769
29 29
938 284
350 206
174 449
721 110
849 533
646 6
700 125
557 740
363 642
497 37
161 984
273 674
986 248
101 642
588 588
205 430
586 893
429 134
181 787
268 227
203 768
483 796
445 521
318 535
115 477
652 844
181 955
36 233
573 100
215 745
902 902
737 473
344 532
326 13
844 229
260 769
506 222
936 418
342 1
12 181
375 636
942 677
784 612
322 474
122 120
108 146
892 826
115 884
266 398
221 228
539 293
180 357
202 589
952 151
854 62
277 904
422 422
331 840
3 186
265 27
596 851
770 770
377 11
562 244
910 529
616 289
450 120
954 233
204 839
872 540
539 920
222 466
796 182
627 494
397 463
810 145
83 683
794 750
676 577
353 198
747 204
432 14
98 641
614 139
31 625
553 774
809 642
136 933
817 855
179 856
275 160
664 334
767 338
495 585
555 110
80 254
519 683
564 264
128 68
299 351
862 857
335 322
755 832
528 517
209 799
710 138
985 691
339 854
483 129
281 939
96 161
165 656
753 855
384 31
29 18
314 99
161 102
694 196
622 991
334 334
399 892
643 643
894 830
273 540
960 806
488 633
860 795
175 175
270 106
553 928
179 393
197 302
108 766
759 929
435 30
434 959
529 529
234 426
814 645
239 497
378 948
592 823
998 968
788 247
802 944
484 140
118 266
158 347
206 805
439 729
783 341
262 341
101 101
853 743
962 962
772 560
167 439
551 550
42 957
255 16
365 241
159 707
354 976
211 649
460 451
382 621
676 584
566 240
415 298
861 303
434 264
639 393
77 703
529 932
257 917
152 348
153 458
751 427
563 678
362 11
845 347
140 232
800 632
123 878
883 647
476 333
361 614
985 502
142 202
658 220
171 524
288 894
946 500
39 199
314 882
238 51
812 208
66 944
352 631
906 31
673 251
388 135
362 378
224 304
170 416
990 609
982 776
8 8
197 289
405 405
857 555
932 932
161 161
506 699
743 973
16 673
506 506
646 292
178 718
17 328
892 92
358 163
531 764
290 78
25 199
606 649
135 673
115 543
494 855
628 750
409 270
702 587
428 785
800 970
684 880
29 66
23 23
612 504
677 705
869 56
950 302
357 607
289 803
482 454
434 185
671 322
693 259
54 219
42 784
652 725
75 957
251 673
323 261
499 556
388 370
822 361
607 455
415 316
253 626
801 605
867 858
774 553
866 656
456 275
937 360
328 219
23 569
611 22
716 848
157 258
967 222
684 315
255 329
903 683
470 890
208 812
379 916
760 459
955 876
380 668
821 912
131 974
643 999
782 782
39 491
730 934
522 226
924 924
487 129
742 870
579 183
839 204
869 80
389 574
724 404
234 525
88 210
549 549
148 193
446 926
453 737
277 671
453 204
437 999
134 788
548 811
30 722
589 846
523 366
865 616
349 349
667 667
999 437
595 630
286 889
332 332
409 922
972 863
997 997
545 892
526 374
492 435
345 459
263 403
75 42
606 223
431 339
699 938
822 822
884 814
368 942
770 792
114 752
93 914
708 982
55 239
888 512
672 877
368 120
225 585
73 419
949 333
558 483
346 588
839 381
799 932
334 735
801 748
113 211
925 562
227 255
20 272
649 867
462 722
907 794
861 861
180 133
634 475
680 154
640 640
941 863
374 83
502 172
123 601
298 415
458 711
89 611
110 459
274 47
599 294
521 441
543 902
215 409
882 683
785 34
889 55
937 394
744 139
1 250
672 672
578 506
284 321
181 818
998 85
81 192
941 630
749 754
242 889
872 872
263 640
479 435
337 730
959 585
582 306
875 324
395 815
769 511
888 753
592 734
286 763
711 954
623 131
185 225
753 686
461 307
287 881
33 788
56 600
285 51
191 963
972 377
305 792
411 970
568 593
179 383
233 954
93 313
371 605
301 862
211 139
107 463
308 848
871 888
129 570
6 333
92 853
37 286
699 506
100 483
762 256
824 972
975 594
188 935
806 166
816 670
51 785
357 165
628 290
854 378
959 185
382 58
996 822
987 881
276 192
224 256
982 170
200 52
160 162
418 931
858 583
56 283
712 119
338 635
657 364
466 425
648 648
807 983
253 73
529 951
993 159
368 38
267 253
963 297
51 988
47 571
369 11
599 599
578 699
783 783
289 302
746 51
691 502
779 862
95 277
162 554
525 525
220 447
508 730
266 315
22 836
270 416
792 593
614 123
809 45
886 243
939 525
997 387
39 840
923 972
166 307
912 912
112 384
794 144
36 417
789 811
955 308
740 733
680 805
747 839
423 678
231 349
542 422
359 835
487 487
929 675
262 482
697 599
170 731
720 568
725 992
951 209
937 912
371 748
182 522
408 454
472 799
784 784
651 203
38 947
89 774
718 947
905 253
4 856
796 615
379 350
376 565
14 775
409 689
72 658
15 308
536 365
929 499
216 216
357 207
378 378
789 816
718 718
184 760
133 656
294 349
246 783
417 633
499 499
383 10
848 15
358 358
441 441
840 866
820 181
623 469
72 8
642 317
798 992
661 799
217 183
232 802
899 862
503 242
213 670
415 726
106 106
459 184
53 53
191 191
292 292
935 908
895 69
658 614
42 45
830 131
124 169
34 389
739 528
892 973
280 668
397 94
24 281
555 760
160 554
295 618
982 67
6 27
295 943
717 566
107 480
408 246
228 670
333 405
617 468
191 881
130 32
441 650
312 563
239 754
647 963
206 206
479 148
193 682
547 429
81 877
688 326
582 758
911 284
576 425
422 56
251 933
600 392
16 388
294 231
345 710
898 481
180 311
279 448
420 120
589 142
606 113
534 422
566 485
918 789
17 526
62 52
884 902
544 629
632 800
212 655
625 31
251 227
890 913
812 812
811 548
642 541
242 37
733 733
108 970
467 836
682 682
988 988
872 272
874 206
505 609
818 876
826 743
400 524
49 257
749 37
888 627
273 23
606 858
236 472
38 420
790 522
675 63
719 709
285 161
133 182
59 930
595 595
727 20
653 562
69 895
391 646
468 805
709 451
958 804
39 116
624 58
995 288
636 887
380 250
666 981
709 481
448 932
292 405
887 375
559 551
236 279
531 44
917 127
305 770
227 933
305 305
655 645
338 767
477 884
939 310
830 756
945 837
273 569
514 721
516 526
240 921
260 632
135 61
414 283
428 34
688 204
85 85
107 467
760 477
360 925
169 618
98 10
637 448
290 750
164 318
715 697
121 815
997 446
364 992
639 383
431 431
426 939
963 493
645 356
21 702
745 270
93 499
700 493
845 219
189 815
12 818
250 737
481 481
611 103
560 823
868 868
12 12
117 117
79 970
252 918
560 592
215 106
372 960
332 867
924 841
287 700
956 432
332 223
954 964
34 785
416 67
160 75
737 280
916 468
873 300
644 137
583 490
620 342
522 866
499 914
795 820
693 95
149 695
748 778
922 409
117 528
121 198
437 512
542 322
381 486
148 777
133 357
207 455
974 518
966 306
533 849
761 404
934 43
535 164
826 92
159 189
319 319
893 463
84 217
551 293
837 945
354 354
430 150
847 268
350 926
250 412
806 868
403 86
353 395
751 157
177 602
250 453
643 437
851 851
427 724
886 68
873 14
535 375
843 995
793 460
875 143
633 927
357 97
212 212
501 26
283 414
285 574
506 119
735 735
823 908
268 847
448 3
625 384
622 456
199 199
938 578
701 157
559 531
648 199
252 323
220 677
475 982
445 524
578 346
122 845
556 93
600 283
136 329
982 731
496 711
695 148
250 204
691 303
32 603
882 870
764 920
241 66
452 130
480 278
630 941
909 271
227 82
790 237
830 830
296 575
468 991
534 600
382 640
683 65
861 985
803 566
376 167
84 577
213 515
231 210
943 943
632 875
310 761
223 867
304 256
715 231
981 981
645 115
770 568
385 548
158 748
11 378
274 638
625 906
592 188
104 132
626 366
186 472
854 377
758 87
635 1000
50 548
718 420
879 868
335 904
484 605
561 561
346 425
63 313
457 566
205 144
853 961
74 595
632 632
639 98
869 392
896 387
941 595
161 428
257 740
524 666
97 9
464 464
255 673
437 855
896 379
681 849
498 995
991 162
315 75
254 976
824 863
867 113
120 368
400 666
430 144
584 183
549 478
120 249
731 776
41 535
745 922
14 478
15 795
955 795
868 934
281 525
794 430
370 673
56 534
609 378
13 688
561 69
92 827
425 940
717 703
92 92
225 771
63 449
71 762
785 428
993 993
260 260
994 456
126 838
196 636
802 983
155 408
348 152
429 603
472 171
95 757
82 136
16 136
384 112
688 13
755 406
578 588
140 765
123 996
702 702
562 912
140 365
895 745
607 522
518 442
418 979
307 833
686 999
358 613
160 509
329 699
428 285
895 561
287 963
12 594
676 676
887 147
258 761
901 993
934 372
858 211
192 192
490 841
215 722
967 284
10 402
673 227
902 212
21 587
947 420
195 590
624 816
811 911
69 745
965 691
182 607
814 328
847 329
407 916
330 163
556 499
38 368
257 659
553 22
741 396
702 21
897 924
356 655
203 260
38 450
425 119
401 489
19 731
660 739
214 90
451 460
135 16
965 684
614 822
593 792
601 72
495 564
918 58
836 22
356 814
568 568
117 175
838 935
813 941
17 667
174 759
631 631
136 370
485 302
306 886
590 733
437 888
878 8
862 899
700 987
760 184
504 504
211 211
412 13
397 928
244 562
929 93
823 560
58 624
101 541
487 100
292 333
439 752
942 450
845 845
892 961
70 259
635 767
679 348
887 164
173 729
823 734
625 433
298 510
290 962
560 935
640 50
400 521
844 844
704 545
836 836
519 519
860 860
363 784
887 41
284 466
870 65
398 317
979 21
324 108
446 379
439 132
737 1
698 823
816 918
419 978
809 118
566 302
68 582
81 672
552 552
776 475
971 180
52 62
121 707
312 597
961 300
210 349
485 197
3 527
728 337
382 624
912 653
255 61
309 625
939 281
732 827
569 674
789 252
6 265
86 385
211 858
346 578
141 121
99 176
287 26
1000 256
281 157
453 250
835 828
787 308
50 811
779 184
313 174
769 651
512 888
586 611
441 400
557 733
423 597
440 298
84 864
832 639
31 112
194 253
89 480
420 942
39 39
749 608
513 273
866 226
670 228
619 84
703 921
814 884
656 790
518 831
916 805
605 54
667 552
46 578
268 370
743 704
4 393
435 492
707 353
827 732
884 477
635 338
914 87
253 267
603 429
381 381
856 464
832 755
890 539
886 87
886 306
369 377
973 545
743 399
254 80
129 575
262 958
778 667
12 955
214 300
428 574
132 752
939 24
720 593
226 311
700 883
513 872
772 772
709 460
545 853
868 960
649 606
739 741
89 836
445 981
923 74
179 10
694 694
634 67
173 132
335 95
54 552
638 444
431 609
658 878
367 490
304 373
774 463
337 166
851 485
886 886
661 448
116 25
837 296
358 692
759 313
105 289
214 549
810 810
291 291
135 255
17 371
460 216
847 227
743 853
105 717
779 829
414 713
164 887
778 834
406 98
491 780
340 666
758 243
157 24
102 746
507 916
501 297
968 471
810 948
393 98
662 553
388 255
713 534
687 915
940 588
199 491
960 166
65 850
306 306
301 138
123 614
421 797
142 213
970 766
699 578
61 388
722 30
489 687
351 197
977 977
767 767
295 124
584 665
370 82
940 576
660 808
211 606
974 442
580 876
524 400
573 945
609 362
582 87
994 160
186 186
918 548
480 480
693 386
96 988
60 580
918 403
119 938
722 736
87 68
71 304
825 248
30 193
264 585
925 937
211 223
383 591
436 358
589 515
10 383
64 616
62 752
408 958
613 692
490 549
322 663
564 771
354 80
824 595
522 97
867 867
888 888
738 725
833 372
183 577
496 964
247 788
255 251
520 540
961 704
628 144
70 571
466 712
796 9
24 310
182 133
325 188
803 953
392 600
377 989
950 299
724 281
642 118
465 465
993 198
73 978
136 847
516 742
198 395
68 966
132 565
462 492
642 809
732 545
148 695
352 438
649 223
99 516
208 573
942 220
55 608
409 215
100 945
417 417
534 713
518 500
687 738
969 121
727 674
927 417
2 453
482 262
264 495
956 841
178 677
970 260
613 330
489 657
480 774
104 752
151 44
677 249
402 406
341 804
601 390
67 708
21 418
937 244
88 231
994 275
411 203
410 254
424 424
872 569
88 697
916 669
825 995
329 135
439 167
894 894
15 975
209 209
833 508
383 406
306 87
303 303
792 792
832 406
569 520
836 553
44 539
970 411
690 482
833 806
544 49
939 751
183 217
927 927
349 294
422 392
225 282
266 75
976 685
647 987
66 29
321 588
171 171
659 590
179 402
951 951
471 968
24 404
26 297
677 447
261 443
282 495
337 960
463 22
400 441
711 233
45 75
163 358
293 539
372 337
567 348
95 386
349 697
392 542
116 491
806 508
119 576
546 460
583 924
952 559
499 63
623 831
326 204
340 445
94 22
374 526
411 260
750 962
906 980
705 677
167 376
528 175
30 30
933 847
654 456
889 608
357 790
159 121
667 778
570 558
531 920
345 721
231 88
291 25
697 715
305 568
527 828
629 557
844 652
695 149
747 327
360 821
962 150
968 170
384 625
523 194
172 172
903 516
697 697
547 130
416 776
447 178
795 57
940 292
604 672
52 376
92 545
974 623
604 930
677 420
23 272
944 187
644 319
456 720
23 513
660 175
387 926
842 982
430 290
743 743
629 733
198 815
902 543
337 806
786 759
589 221
710 760
876 955
141 141
796 133
198 707
968 381
725 364
156 519
497 503
106 215
222 940
274 571
613 355
790 971
681 681
728 508
365 187
921 703
427 701
975 795
571 274
614 72
260 800
232 807
519 99
686 753
585 959
911 640
201 817
909 337
669 446
892 572
653 177
816 911
252 263
22 89
97 237
583 549
276 604
571 47
189 969
475 19
1000 224
498 986
59 35
466 576
661 209
490 632
164 535
814 356
20 725
132 52
813 813
986 995
590 740
646 405
353 189
48 983
630 692
598 183
504 266
101 75
659 49
791 265
146 769
610 769
380 1
193 435
937 602
147 563
816 548
23 674
635 304
972 595
981 650
817 817
953 566
908 245
579 84
404 751
501 287
878 878
540 540
316 735
432 490
173 167
385 621
347 552
955 12
754 497
476 949
874 350
350 896
869 713
226 866
335 335
512 494
272 520
126 28
188 908
971 522
915 364
814 655
549 300
224 1000
960 728
975 580
405 333
409 745
190 719
576 284
863 863
111 744
697 53
794 290
603 603
511 143
381 423
463 893
469 131
441 524
402 98
717 485
418 702
72 614
119 506
788 788
225 495
508 337
912 562
286 503
813 595
191 700
454 155
523 419
557 544
638 443
528 396
840 648
767 762
385 50
490 956
939 258
42 612
696 31
545 743
317 45
84 598
4 832
55 55
986 756
144 750
516 65
223 858
47 638
473 2
299 616
904 277
333 476
596 616
855 871
469 974
98 464
156 903
14 583
385 382
564 564
262 781
12 57
65 870
730 43
810 990
961 743
420 368
336 758
815 189
68 243
935 560
79 768
634 156
510 298
677 947
360 360
642 504
175 117
331 491
350 407
122 552
813 630
768 632
653 937
163 355
970 79
116 840
740 590
654 162
681 319
853 892
262 804
115 212
529 186
295 342
292 265
194 267
21 900
871 627
768 203
436 355
988 161
567 152
151 539
18 802
227 135
561 215
575 296
838 592
504 315
157 761
114 729
304 635
732 892
742 526
617 926
933 251
574 218
428 161
256 1000
679 152
675 914
620 943
660 660
327 326
116 291
275 162
620 620
565 167
874 916
691 691
437 817
3 951
197 64
551 559
695 777
56 56
692 330
919 143
99 526
930 604
497 608
548 624
393 393
935 698
754 754
654 275
57 60
921 289
600 713
