1000 3133
270 550
651 628
694 821
338 338
597 449
721 836
941 941
168 28
582 77
128 128
618 618
165 165
900 885
932 341
977 55
516 1
127 11
918 918
818 652
661 894
638 802
243 143
357 979
590 299
724 869
166 593
828 453
638 853
196 300
204 320
682 682
954 742
205 10
224 731
552 552
66 694
599 473
239 791
1 671
618 879
207 422
615 941
695 695
405 155
609 320
411 36
696 371
69 613
36 260
850 850
932 793
14 452
14 944
957 780
764 764
151 172
806 728
358 358
893 893
147 85
930 503
432 273
694 868
953 555
427 700
562 992
662 45
585 314
965 314
296 296
450 120
438 767
105 963
601 601
446 446
72 72
461 856
198 908
723 779
701 366
984 479
991 342
52 791
30 30
770 804
789 426
753 294
62 62
33 472
340 734
921 545
772 447
254 695
746 367
622 192
125 679
233 817
155 269
638 759
756 903
19 796
783 341
604 604
429 4
110 511
976 976
57 586
476 476
700 323
603 543
268 763
170 80
172 815
842 399
792 401
470 638
623 623
490 30
80 250
100 451
374 451
701 906
8 8
314 477
802 638
695 192
665 348
499 255
769 774
94 141
44 44
796 802
129 611
735 837
287 563
524 397
488 641
235 42
529 674
108 531
710 168
928 560
159 59
492 541
881 739
37 37
637 26
721 497
497 463
191 546
649 224
529 375
270 905
395 357
708 708
836 442
627 627
52 918
440 923
104 971
832 741
161 798
913 913
569 208
473 192
424 545
915 915
801 498
310 340
300 512
558 824
179 381
834 834
653 944
208 223
487 487
218 506
520 504
686 927
29 29
592 922
781 944
336 563
74 866
471 666
809 369
814 814
617 115
923 420
947 237
634 926
647 212
909 185
13 610
49 37
763 747
628 651
912 383
765 625
326 785
940 940
632 509
510 579
845 351
71 715
469 264
694 318
476 963
516 671
166 60
773 203
917 489
598 461
102 102
551 551
481 11
137 534
223 820
409 409
605 741
895 876
234 309
997 997
19 211
956 360
290 290
652 211
518 848
105 105
776 776
842 225
727 552
68 747
383 958
156 449
733 813
866 324
47 624
626 859
377 521
432 554
472 33
818 593
208 36
354 958
503 73
449 156
949 116
334 334
932 932
742 742
30 490
447 210
397 397
221 221
435 744
428 428
462 634
766 555
361 850
315 333
691 691
161 368
620 321
611 360
377 199
940 720
297 929
395 395
856 618
228 245
381 391
401 401
256 655
870 825
629 4
288 862
51 83
657 940
864 822
776 308
883 746
540 327
411 606
951 99
166 48
575 134
794 743
590 779
518 334
617 454
747 238
946 730
130 253
340 660
752 234
158 420
456 885
155 934
846 791
218 824
180 476
814 932
424 319
832 283
520 527
921 921
610 899
174 463
494 378
415 739
483 570
655 754
939 41
869 316
998 195
535 680
768 715
229 393
143 243
950 960
988 823
911 911
801 648
151 151
831 609
652 48
465 569
9 363
582 603
491 491
633 619
210 274
77 77
625 187
863 190
834 912
37 49
600 795
93 93
666 5
733 845
112 619
777 15
735 628
676 809
774 729
317 792
898 240
328 963
822 919
905 550
436 82
456 456
485 478
82 777
782 474
838 217
236 236
552 727
709 709
481 427
64 304
166 818
143 388
113 871
364 719
549 549
281 106
372 663
138 631
629 629
65 937
290 802
524 609
761 950
321 966
80 869
418 267
771 731
973 990
744 404
803 986
67 122
775 775
532 816
749 354
281 973
338 218
634 750
69 959
863 456
976 991
49 49
121 553
437 437
242 846
352 285
72 311
694 66
824 683
855 57
689 60
553 769
266 167
397 655
691 995
499 499
795 295
202 202
879 661
676 829
344 314
253 130
161 488
934 635
10 835
581 670
642 275
424 942
46 792
560 548
956 707
575 880
877 690
696 696
433 225
763 3
406 240
882 307
720 657
732 216
454 454
448 365
320 204
92 432
758 758
406 409
636 230
562 425
677 677
645 884
786 611
435 404
85 286
604 103
851 889
323 861
758 48
756 756
65 65
15 82
684 684
508 326
101 101
304 804
184 266
663 834
934 934
380 931
453 453
195 94
728 573
580 10
457 504
364 364
36 569
241 924
799 172
136 136
463 497
454 445
799 541
951 803
339 910
154 154
222 222
511 421
882 882
218 817
866 443
902 734
310 852
646 733
92 554
302 217
86 796
361 359
36 988
777 82
871 878
458 768
74 516
234 32
59 159
246 666
668 668
86 470
130 130
718 656
348 941
789 867
670 670
970 205
102 899
442 497
278 412
577 607
207 252
826 42
855 571
146 382
760 760
14 202
367 985
739 739
410 305
694 585
892 892
558 506
178 101
24 993
241 324
129 129
89 89
595 681
515 398
555 414
599 668
825 306
529 529
666 813
375 803
360 786
534 137
59 875
416 8
451 96
984 811
402 402
320 957
95 16
641 368
187 642
272 706
536 238
412 183
188 131
12 694
879 454
830 142
235 39
823 823
908 252
457 457
314 314
372 187
294 294
730 766
539 239
519 519
26 495
740 1000
248 598
671 1
359 682
496 109
869 724
784 746
146 146
288 482
489 418
526 901
342 927
335 819
638 470
496 496
236 549
311 340
784 985
994 47
716 455
844 923
126 587
336 195
214 673
407 461
226 136
727 727
84 142
125 827
402 647
773 696
995 406
656 306
679 251
438 671
888 888
674 375
172 172
973 496
737 737
920 826
753 753
565 565
99 951
461 407
982 494
985 367
554 108
167 167
703 56
530 339
569 36
306 306
902 610
77 692
776 197
459 459
670 581
531 612
358 102
664 571
865 997
123 217
666 471
145 46
686 58
740 133
1 438
89 854
539 959
198 751
50 937
1 516
806 144
876 59
563 90
705 958
774 769
567 175
828 413
73 503
444 909
530 528
796 759
961 100
386 966
33 146
690 690
598 517
521 653
244 88
67 67
23 164
367 746
815 868
769 121
661 879
86 211
785 785
9 9
388 243
834 923
533 533
866 312
886 648
896 161
743 983
772 595
184 167
77 543
514 895
849 805
359 359
471 336
42 231
384 384
352 2
581 433
902 852
584 159
178 260
664 738
465 387
565 301
929 297
848 334
236 216
336 90
335 971
495 329
757 142
985 147
594 450
1000 1000
5 685
538 24
338 506
239 239
707 786
86 759
725 474
559 394
981 981
949 494
131 131
208 387
302 244
787 61
805 849
150 296
853 19
596 656
920 920
313 675
69 800
309 459
452 202
914 836
531 7
538 538
430 190
547 673
585 344
226 162
114 622
862 363
402 394
525 717
196 512
556 391
787 662
448 501
198 663
924 320
473 473
934 405
2 417
517 248
854 89
821 12
667 64
81 668
653 521
732 119
824 817
801 886
742 839
1000 413
766 732
497 721
622 456
743 970
355 355
709 351
88 217
771 649
786 276
204 573
205 205
746 746
665 615
726 472
887 601
600 295
455 145
123 299
813 246
530 530
263 576
365 466
664 664
242 699
850 903
894 454
157 939
614 349
32 459
940 657
223 678
415 648
428 779
221 111
576 359
24 893
784 784
507 507
818 818
345 971
48 416
640 57
533 188
901 901
610 610
757 659
246 246
613 952
804 614
249 162
528 528
544 544
888 132
3 268
403 97
820 945
353 225
341 341
895 396
296 230
876 936
26 26
222 297
49 70
6 782
176 362
360 956
459 752
605 257
424 864
112 27
640 640
588 774
22 554
230 150
368 896
780 780
545 128
379 330
953 262
513 301
552 450
623 107
192 622
803 99
581 232
634 634
997 102
509 811
168 107
246 471
957 741
495 637
259 437
658 658
160 693
378 532
810 135
460 551
849 841
159 159
201 425
543 882
701 701
66 66
780 257
797 578
678 411
468 756
945 617
300 196
329 975
627 280
847 847
333 333
516 865
882 59
141 630
806 965
799 492
879 698
761 253
405 405
138 684
315 434
196 97
466 365
118 69
104 819
923 160
423 533
664 640
966 521
167 266
503 308
102 13
560 800
845 702
124 124
205 580
38 38
535 117
868 868
229 785
279 327
812 687
887 887
636 636
113 878
3 790
271 271
919 964
151 911
796 470
904 58
540 177
933 867
519 583
444 444
367 455
376 882
138 138
622 695
540 326
608 846
234 103
575 115
589 887
569 606
433 232
807 104
187 663
19 86
488 368
31 284
484 285
320 831
892 430
376 515
914 174
308 63
185 444
213 213
126 87
952 840
910 292
788 788
761 960
75 450
673 71
618 698
699 242
494 949
920 42
664 57
972 537
477 344
328 810
844 844
381 63
46 317
925 925
438 183
66 336
697 147
800 69
689 818
121 591
484 268
836 836
455 455
952 62
751 194
507 105
17 838
554 332
865 671
999 999
709 845
936 895
767 178
83 886
764 292
734 737
216 594
967 297
57 640
84 29
22 22
108 139
919 47
511 34
743 10
276 707
642 124
536 954
523 288
499 728
89 750
110 731
992 201
559 212
962 227
984 915
441 697
864 919
387 36
839 238
632 623
627 477
212 212
522 210
723 822
59 59
661 698
578 979
557 557
549 236
1 1
853 86
873 87
51 51
414 830
121 774
719 719
668 775
23 23
313 577
155 635
100 343
15 41
93 628
426 631
109 109
324 324
380 186
356 389
48 60
997 23
964 864
76 890
251 251
723 280
183 183
414 732
861 394
696 203
429 237
437 259
874 904
43 337
140 200
483 966
704 987
758 593
391 41
729 70
529 803
575 25
350 180
228 228
111 392
705 3
226 226
114 192
216 236
495 495
482 259
867 867
683 278
449 597
900 114
171 282
868 94
718 306
261 882
207 370
73 73
501 466
87 87
565 909
916 564
367 101
869 869
218 338
731 173
207 908
833 630
288 363
147 708
708 85
875 875
77 603
987 154
133 740
469 789
545 319
753 143
233 338
708 441
835 835
244 180
606 411
561 677
583 197
33 298
650 678
188 762
883 350
414 512
400 229
82 999
312 312
465 223
485 460
278 416
286 639
427 180
323 323
649 649
804 304
252 370
899 13
993 893
619 633
353 513
229 229
305 215
232 232
120 552
313 607
684 867
974 373
163 613
908 751
650 208
267 906
404 884
781 377
200 140
805 841
535 535
42 826
205 835
819 807
334 81
646 646
88 838
427 258
465 36
587 126
348 615
806 65
579 510
487 888
425 158
890 890
978 583
597 299
834 354
670 746
394 559
264 315
463 836
132 407
54 753
388 753
984 984
44 262
117 680
837 186
372 642
219 343
968 968
688 897
18 683
506 233
21 37
777 91
271 891
25 756
686 976
978 978
30 403
965 50
826 231
273 712
303 42
337 337
386 693
70 70
463 721
311 902
53 53
811 35
435 146
405 635
282 171
111 111
554 92
886 801
134 823
274 447
745 584
286 708
967 929
941 665
374 343
129 786
932 814
86 853
111 221
238 839
445 618
757 792
67 162
140 759
870 306
1 395
179 391
491 867
522 681
214 711
100 961
876 396
722 755
596 44
907 887
181 910
521 452
49 729
512 300
651 651
992 425
341 719
469 434
386 321
87 628
717 256
954 839
531 108
721 968
939 381
623 419
891 271
422 422
750 634
642 663
34 649
295 600
895 409
659 29
105 810
871 557
61 61
658 714
43 43
75 75
163 163
559 408
646 355
98 589
237 351
816 739
19 853
404 647
521 14
132 857
217 217
238 536
345 819
256 256
834 383
948 633
337 972
631 867
264 222
136 784
50 806
350 510
998 998
644 349
507 55
179 745
486 365
280 280
269 749
56 884
265 355
390 696
573 776
480 545
812 455
547 547
179 41
253 237
726 382
812 245
334 330
116 153
373 942
478 485
63 73
108 7
878 871
568 955
206 20
703 404
261 307
124 187
927 342
417 352
955 765
759 105
881 881
892 190
52 475
509 677
360 916
710 710
601 220
183 235
291 546
874 922
26 329
327 279
899 358
390 203
135 458
5 471
958 383
623 710
692 692
534 534
301 353
812 812
268 484
835 983
166 689
289 289
302 123
195 90
81 330
704 776
969 489
436 999
863 430
948 778
790 3
917 267
509 369
776 728
556 41
352 417
71 258
914 968
736 378
909 909
691 517
989 427
28 808
76 972
294 54
498 556
647 559
98 78
177 431
58 927
678 650
840 840
373 921
275 187
612 7
572 572
915 479
627 502
783 783
305 51
988 950
356 989
275 663
650 650
441 85
574 483
591 20
861 861
991 58
427 476
660 240
977 994
913 481
900 795
950 761
306 870
704 154
200 200
412 278
580 359
267 760
362 229
83 79
175 175
333 469
846 699
593 593
228 464
343 100
212 107
962 962
915 760
910 761
848 643
739 648
969 267
149 720
873 587
930 616
607 607
754 397
392 111
669 556
123 88
850 783
80 724
403 711
409 995
181 181
678 208
853 470
460 485
929 967
942 793
296 636
482 284
982 532
760 62
897 105
553 774
122 67
834 958
941 615
837 679
976 446
18 608
608 227
638 85
273 432
712 273
219 100
685 666
133 133
102 610
6 6
153 532
557 878
433 581
64 938
678 678
420 285
755 246
909 444
9 651
673 673
624 977
726 726
84 84
410 215
275 885
9 288
629 429
555 766
343 451
393 176
675 607
460 460
36 223
159 584
694 948
608 608
90 195
587 587
84 757
117 117
655 524
160 160
890 972
375 674
764 528
894 618
523 523
854 745
899 899
467 467
856 829
69 745
862 9
648 801
42 920
800 558
207 751
730 946
946 96
138 933
201 738
514 941
390 211
527 566
392 152
158 985
948 619
416 412
797 979
576 682
905 889
83 51
863 863
439 713
579 579
531 139
835 580
222 929
860 878
378 816
295 295
446 408
521 202
476 427
314 502
294 143
107 623
542 600
480 424
647 402
391 939
264 264
843 843
524 754
817 218
505 548
972 972
426 789
378 116
250 724
908 878
289 891
447 681
46 401
150 230
29 84
390 390
504 277
944 14
713 713
882 398
922 904
670 232
714 931
252 751
689 48
486 486
420 2
339 530
795 542
757 31
218 395
199 377
156 156
28 168
722 251
65 399
868 563
545 974
58 976
667 644
505 560
72 841
417 417
299 590
97 196
481 481
765 570
502 585
509 561
311 852
720 98
759 211
974 424
382 494
257 741
366 701
355 265
643 848
715 458
986 529
923 923
831 831
48 166
779 815
860 113
977 113
239 918
318 66
957 605
93 651
954 238
544 16
609 831
212 647
959 845
711 673
508 706
761 988
240 995
456 622
641 408
354 559
608 962
180 180
683 962
732 555
747 839
979 183
186 125
626 946
634 854
588 769
908 422
292 292
356 356
745 745
716 832
921 319
573 499
423 762
439 165
569 411
210 681
532 116
396 514
224 771
501 501
257 257
409 240
415 498
789 491
75 552
670 855
637 175
764 429
524 256
338 233
371 203
905 905
792 792
700 148
867 631
105 135
551 259
581 325
181 420
624 47
760 366
940 149
458 737
174 497
10 743
437 482
191 305
438 1
51 79
939 939
720 713
597 63
330 643
17 88
384 291
889 85
604 38
970 794
381 157
572 979
539 463
765 765
524 482
511 224
120 450
634 89
725 725
273 47
653 781
34 224
662 787
65 806
958 912
592 989
82 91
896 798
907 589
719 711
678 465
80 316
259 847
596 262
677 35
568 765
212 394
644 614
853 802
165 439
256 397
732 953
433 535
75 594
291 384
887 220
497 914
95 95
185 71
462 89
763 268
850 468
278 8
92 585
307 925
919 864
202 452
485 485
370 841
6 725
953 141
116 949
82 15
473 775
910 530
343 219
428 299
696 773
256 917
979 819
595 210
666 685
636 296
415 158
363 49
779 779
968 914
759 161
24 228
10 580
254 189
88 17
508 508
432 92
893 993
46 46
39 235
539 800
48 48
663 275
793 105
51 784
316 869
670 325
910 528
975 415
968 442
689 166
848 330
467 874
886 498
753 388
560 928
241 312
411 678
737 820
402 212
317 697
689 986
483 620
98 940
95 665
848 81
506 338
234 234
22 712
874 874
843 262
885 622
767 101
433 325
754 525
989 936
698 619
585 585
283 283
438 438
643 518
996 444
274 595
550 851
706 272
526 625
606 606
237 429
358 775
755 755
227 683
27 27
551 485
547 625
584 59
938 833
743 440
284 548
53 245
192 885
880 880
816 153
746 350
567 755
27 460
621 621
348 348
852 734
249 122
136 67
842 353
512 788
665 941
582 582
635 520
193 544
285 285
280 621
720 149
107 808
715 768
243 625
960 761
211 211
883 579
87 126
527 527
617 470
998 323
406 898
404 435
307 844
424 974
180 418
809 809
740 740
603 582
318 821
345 345
114 114
921 373
732 234
201 158
520 865
547 711
550 550
879 894
790 763
295 795
939 669
383 912
509 35
551 460
691 898
144 50
837 702
508 272
181 140
619 112
353 842
227 608
399 399
467 975
100 374
998 401
466 448
862 288
911 151
645 435
983 970
474 725
113 557
839 536
404 744
734 340
471 5
544 193
267 917
938 938
141 833
468 850
15 96
85 697
134 134
931 658
375 529
19 638
921 974
644 644
565 961
319 687
504 520
586 664
498 362
660 37
159 535
727 75
686 703
283 981
896 896
56 435
917 969
855 640
868 998
639 639
118 160
606 650
110 110
873 400
607 675
644 770
807 819
998 868
349 804
734 734
695 885
268 3
84 659
134 169
382 382
394 394
833 833
451 451
990 281
718 825
36 387
340 310
794 794
426 867
93 437
904 905
154 704
682 263
79 79
389 356
843 44
886 689
415 801
431 326
936 514
678 223
14 199
274 274
768 768
65 965
806 50
942 424
491 426
411 387
637 329
432 332
324 241
759 759
808 710
316 250
336 998
263 682
187 275
490 490
566 520
897 597
783 323
380 827
963 328
752 309
520 566
775 473
1000 740
981 687
927 686
87 587
371 696
784 101
49 660
947 429
441 704
123 838
537 337
250 80
896 488
140 592
86 19
560 505
575 575
455 716
365 448
246 685
265 265
180 427
329 637
200 592
523 993
699 699
734 310
309 309
858 571
673 547
771 173
479 255
945 768
855 855
217 123
87 873
693 160
663 642
800 800
463 968
831 320
194 908
648 648
113 583
477 314
148 783
731 224
68 567
29 659
362 393
60 593
374 374
973 281
251 679
887 907
557 519
293 293
255 255
896 368
910 339
821 318
959 959
99 803
687 283
33 726
818 488
116 579
493 664
37 40
79 83
915 748
994 624
265 733
990 109
299 299
435 703
975 922
929 222
173 731
148 861
186 380
224 224
7 108
884 744
209 512
577 313
3 326
228 893
331 331
845 913
74 241
591 553
628 628
922 874
732 414
945 715
458 945
879 619
452 781
930 204
269 934
556 939
7 7
808 581
11 481
369 677
884 884
675 313
601 907
749 749
97 97
381 815
907 907
429 947
7 139
646 95
980 388
317 46
403 403
791 52
271 289
546 546
321 386
25 903
300 788
112 112
393 393
275 275
357 578
362 176
631 631
380 125
239 52
525 524
567 352
594 552
248 517
191 291
30 534
816 949
952 275
720 78
16 16
574 321
874 467
889 889
250 170
647 394
821 567
298 146
786 786
619 948
158 992
648 739
231 826
385 920
434 469
517 407
972 43
7 612
168 419
498 881
938 608
339 764
24 24
867 138
888 857
784 367
911 541
911 172
777 777
379 379
994 977
240 691
145 145
610 13
67 136
6 474
27 60
772 522
782 782
643 379
863 171
723 723
122 122
292 910
569 650
996 943
998 815
11 467
140 593
394 647
198 719
950 950
211 638
571 540
5 666
417 2
200 446
692 603
515 307
912 810
871 113
445 454
716 145
553 588
352 554
787 45
624 624
981 812
63 63
197 499
285 352
610 313
104 345
115 858
197 573
830 953
954 536
23 891
995 995
939 556
512 209
657 78
537 280
293 767
772 210
597 597
520 520
410 191
997 164
569 223
342 58
995 409
762 423
253 253
743 4
589 699
430 171
890 43
966 966
899 126
534 540
355 646
701 917
825 870
398 307
112 948
573 573
43 76
609 616
58 991
714 658
554 22
397 524
73 308
32 32
805 72
614 487
963 810
172 416
162 162
869 630
332 712
370 198
200 181
669 157
350 350
326 431
14 377
969 701
388 54
11 913
560 284
556 556
693 766
695 855
614 614
463 174
583 878
999 91
175 329
370 370
358 346
467 922
756 850
466 466
692 582
434 264
303 693
697 148
826 826
625 526
368 161
29 142
719 341
255 271
237 855
553 591
76 76
448 486
543 692
944 202
692 543
93 322
13 899
469 469
342 332
329 26
168 168
589 220
861 323
951 986
244 217
342 342
203 696
662 115
590 590
166 166
457 527
690 877
383 383
43 816
903 756
456 192
527 266
305 305
469 602
965 965
984 293
616 320
592 592
311 311
625 625
820 458
798 161
63 503
89 800
503 503
826 385
331 293
929 352
102 781
292 530
375 99
558 817
616 930
773 773
179 556
422 768
797 357
512 512
305 291
213 272
190 430
683 227
902 310
320 320
142 659
908 198
704 704
32 18
944 653
769 588
594 120
74 443
284 505
497 968
189 622
408 408
320 609
337 76
204 609
304 304
533 867
814 793
568 568
244 275
859 626
70 37
979 578
31 311
635 405
925 755
356 297
847 259
710 623
359 263
363 363
45 662
513 583
289 271
717 397
474 782
57 855
111 152
2 352
970 970
857 857
419 710
707 707
257 503
568 570
964 822
771 224
303 160
203 203
583 557
788 196
350 238
337 890
376 21
37 660
109 973
821 694
935 141
841 805
698 894
849 72
479 984
632 168
19 802
235 605
904 975
181 592
245 993
173 224
760 925
9 246
525 419
267 489
633 633
387 223
752 752
155 155
91 436
355 95
572 797
369 811
618 661
453 828
126 126
550 905
274 834
944 452
498 498
475 475
939 391
962 59
889 851
701 418
201 992
229 362
344 627
49 236
31 31
449 897
135 963
277 504
454 618
561 561
40 37
675 675
54 388
416 416
14 781
829 829
62 705
660 49
182 767
337 43
950 608
307 261
125 125
793 793
564 654
937 144
679 702
974 128
782 503
596 843
899 346
905 851
990 990
119 460
100 100
838 302
199 521
926 89
123 43
370 751
91 487
542 367
298 726
864 864
700 700
794 983
984 748
682 576
785 326
550 889
162 249
666 246
164 997
990 973
364 534
708 286
924 74
983 983
632 808
440 743
714 714
261 398
847 437
322 93
625 332
32 824
215 305
735 651
292 764
139 139
857 888
482 847
629 407
768 458
316 726
703 744
988 960
225 353
911 492
684 631
34 421
254 900
90 563
480 373
230 706
871 871
979 572
767 182
763 763
564 916
479 748
277 527
794 970
934 269
419 808
703 435
985 784
300 209
861 700
698 879
598 347
933 631
229 176
738 201
875 159
96 100
59 584
778 948
519 557
729 729
426 684
153 116
393 362
792 600
537 76
30 625
913 127
121 588
244 302
35 561
1000 133
557 860
420 352
837 837
263 361
449 688
653 377
387 387
893 538
58 58
548 284
250 316
583 978
587 873
890 95
38 103
230 636
525 655
684 138
88 302
731 110
836 463
818 27
55 994
355 733
735 735
325 433
595 522
361 361
501 365
285 417
595 447
174 721
267 500
478 460
658 746
684 933
781 14
567 567
289 255
926 926
563 287
148 323
475 877
646 265
206 485
514 396
779 216
834 393
98 657
243 294
574 966
125 380
951 375
343 96
598 598
137 137
447 447
880 858
668 599
829 856
307 376
598 248
611 611
251 827
710 28
333 434
2 285
235 235
105 328
208 465
131 423
98 98
395 979
790 199
249 136
272 272
499 735
565 646
590 428
561 811
946 946
731 731
322 651
461 598
95 265
286 441
427 427
526 526
624 55
392 221
260 877
450 727
500 500
833 141
754 291
884 645
593 818
893 53
279 247
238 742
997 554
55 624
321 574
296 150
945 737
281 496
283 687
842 301
804 64
566 504
879 445
123 17
934 155
650 606
992 738
656 825
473 668
539 539
409 74
288 523
525 256
741 780
316 170
491 933
845 845
700 861
80 170
804 349
845 709
937 806
944 781
999 436
85 441
223 650
655 256
83 83
584 875
580 205
978 878
239 599
195 937
185 185
871 978
941 231
488 488
369 561
850 756
192 114
148 750
483 386
104 807
76 195
291 215
413 828
737 768
218 233
49 40
971 335
804 956
941 850
774 553
339 528
150 735
323 783
498 886
889 905
542 542
414 953
463 442
962 683
439 439
199 452
260 101
395 797
838 123
593 60
257 957
843 732
69 539
380 837
996 996
35 35
248 461
307 882
464 89
217 244
423 188
815 563
489 701
475 690
943 943
457 691
878 860
116 532
223 223
31 672
693 118
533 762
715 737
380 380
444 185
244 838
613 163
151 723
202 944
203 773
256 898
701 500
284 928
33 33
220 887
798 798
647 647
114 695
723 51
702 837
210 595
406 853
306 825
846 846
809 829
924 924
327 247
195 195
969 500
676 856
739 881
398 376
904 467
687 325
218 266
807 971
645 645
44 596
669 669
392 392
245 245
736 116
991 686
261 515
998 94
798 896
546 410
124 275
528 339
160 118
400 744
266 184
734 239
799 151
860 583
445 879
97 209
965 399
925 722
563 336
460 119
45 45
963 105
943 996
94 998
966 386
675 577
435 400
39 39
769 553
809 676
501 486
542 295
903 850
422 194
285 420
15 436
928 284
12 66
242 242
722 925
178 767
512 196
220 220
47 977
68 938
326 177
534 364
717 717
936 396
677 369
913 11
840 163
523 862
776 573
648 415
778 112
873 126
744 645
367 784
882 515
738 738
732 830
190 171
438 516
21 21
384 191
741 957
396 396
308 308
780 957
482 482
815 287
802 211
233 824
334 518
202 14
20 20
190 863
467 904
755 925
946 327
639 20
478 119
425 992
479 915
38 604
266 266
188 423
567 68
35 811
968 174
351 351
484 169
804 667
464 24
756 25
383 354
657 720
724 250
214 547
659 142
496 106
164 23
857 132
324 866
798 488
657 420
228 53
533 423
273 273
953 732
183 357
964 964
434 315
501 448
64 770
257 605
330 330
712 302
245 24
943 185
295 542
162 122
751 751
785 177
337 537
177 785
823 285
166 758
126 873
616 616
578 797
587 87
586 640
324 74
398 261
27 689
786 360
656 931
231 231
970 10
649 173
406 995
240 898
796 638
808 419
101 178
935 630
363 523
632 632
870 870
923 844
169 134
243 388
748 915
973 109
471 246
812 283
101 260
751 370
933 491
64 804
953 830
234 752
85 699
354 834
169 169
275 372
907 601
653 653
743 580
514 441
275 124
589 907
106 973
26 637
220 907
345 335
432 22
186 186
301 301
256 525
225 225
952 613
176 393
532 982
774 462
260 178
116 736
351 845
983 580
19 290
546 215
960 960
426 933
21 307
219 961
706 706
417 285
936 936
671 516
931 931
327 437
632 28
676 676
782 725
16 193
515 376
822 792
949 153
229 165
619 490
516 438
103 604
237 947
986 99
172 541
796 796
862 523
197 728
737 945
807 345
42 385
687 812
979 797
977 624
802 19
66 821
865 1
382 33
731 421
680 535
491 684
47 507
262 439
504 527
444 380
602 602
916 654
52 52
188 537
257 551
110 173
232 581
681 522
851 851
897 688
332 273
357 572
231 385
904 795
637 637
299 779
506 817
20 206
831 616
821 821
317 317
377 944
65 144
624 994
556 843
683 608
647 880
456 695
549 216
833 72
250 250
657 149
90 287
783 148
451 100
936 876
308 73
449 603
762 762
96 961
253 617
766 953
106 281
530 910
90 94
248 248
697 697
203 390
318 318
335 104
224 511
692 77
527 277
705 62
192 900
122 226
927 58
148 776
894 698
712 432
321 620
559 402
126 745
627 314
352 771
324 312
139 7
804 971
656 718
790 268
723 668
276 956
91 15
987 704
725 71
64 349
304 614
977 507
841 841
827 679
42 42
33 804
85 85
927 927
106 990
592 200
672 31
51 858
438 865
654 570
576 263
877 877
477 502
855 586
705 705
336 287
570 570
802 86
998 563
596 596
985 985
830 414
562 738
539 69
262 262
279 279
367 367
379 334
992 562
633 778
707 611
217 17
112 778
517 517
